[[[[0.0, 3.0723562240600586, 3.700343608856201, 4.871540546417236, 4.249405860900879, 4.63416862487793, 3.820413112640381, 2.898240804672241, 2.898240804672241, 2.898240804672241, 2.898240804672241, 2.898240804672241, 2.898240804672241, 2.898240804672241, 2.898240804672241, 2.898240804672241, 2.898240804672241, 2.898240804672241, 2.898240804672241, 2.898240804672241, 2.898240804672241, 2.898240804672241, 2.898240804672241, 2.898240804672241, 2.898240804672241, 2.898240804672241, 2.898240804672241, 2.898240804672241, 2.898240804672241, 2.898240804672241, 2.898240804672241], [3.0723562240600586, 0.0, 3.705312728881836, 4.375204086303711, 3.6134636402130127, 3.624420166015625, 3.732680320739746, 2.5086560249328613, 2.5086560249328613, 2.5086560249328613, 2.5086560249328613, 2.5086560249328613, 2.5086560249328613, 2.5086560249328613, 2.5086560249328613, 2.5086560249328613, 2.5086560249328613, 2.5086560249328613, 2.5086560249328613, 2.5086560249328613, 2.5086560249328613, 2.5086560249328613, 2.5086560249328613, 2.5086560249328613, 2.5086560249328613, 2.5086560249328613, 2.5086560249328613, 2.5086560249328613, 2.5086560249328613, 2.5086560249328613, 2.5086560249328613], [3.700343608856201, 3.705312728881836, 0.0, 3.760894536972046, 4.1543965339660645, 3.5631086826324463, 2.967268943786621, 2.48220157623291, 2.48220157623291, 2.48220157623291, 2.48220157623291, 2.48220157623291, 2.48220157623291, 2.48220157623291, 2.48220157623291, 2.48220157623291, 2.48220157623291, 2.48220157623291, 2.48220157623291, 2.48220157623291, 2.48220157623291, 2.48220157623291, 2.48220157623291, 2.48220157623291, 2.48220157623291, 2.48220157623291, 2.48220157623291, 2.48220157623291, 2.48220157623291, 2.48220157623291, 2.48220157623291], [4.871540546417236, 4.375204086303711, 3.760894536972046, 0.0, 3.874917507171631, 4.7418293952941895, 3.738734483718872, 2.8573379516601562, 2.8573379516601562, 2.8573379516601562, 2.8573379516601562, 2.8573379516601562, 2.8573379516601562, 2.8573379516601562, 2.8573379516601562, 2.8573379516601562, 2.8573379516601562, 2.8573379516601562, 2.8573379516601562, 2.8573379516601562, 2.8573379516601562, 2.8573379516601562, 2.8573379516601562, 2.8573379516601562, 2.8573379516601562, 2.8573379516601562, 2.8573379516601562, 2.8573379516601562, 2.8573379516601562, 2.8573379516601562, 2.8573379516601562], [4.249405860900879, 3.6134636402130127, 4.1543965339660645, 3.874917507171631, 0.0, 3.8635292053222656, 3.3479034900665283, 2.4967989921569824, 2.4967989921569824, 2.4967989921569824, 2.4967989921569824, 2.4967989921569824, 2.4967989921569824, 2.4967989921569824, 2.4967989921569824, 2.4967989921569824, 2.4967989921569824, 2.4967989921569824, 2.4967989921569824, 2.4967989921569824, 2.4967989921569824, 2.4967989921569824, 2.4967989921569824, 2.4967989921569824, 2.4967989921569824, 2.4967989921569824, 2.4967989921569824, 2.4967989921569824, 2.4967989921569824, 2.4967989921569824, 2.4967989921569824], [4.63416862487793, 3.624420166015625, 3.5631086826324463, 4.7418293952941895, 3.8635292053222656, 0.0, 2.4986813068389893, 1.9657922983169556, 1.9657922983169556, 1.9657922983169556, 1.9657922983169556, 1.9657922983169556, 1.9657922983169556, 1.9657922983169556, 1.9657922983169556, 1.9657922983169556, 1.9657922983169556, 1.9657922983169556, 1.9657922983169556, 1.9657922983169556, 1.9657922983169556, 1.9657922983169556, 1.9657922983169556, 1.9657922983169556, 1.9657922983169556, 1.9657922983169556, 1.9657922983169556, 1.9657922983169556, 1.9657922983169556, 1.9657922983169556, 1.9657922983169556], [3.820413112640381, 3.732680320739746, 2.967268943786621, 3.738734483718872, 3.3479034900665283, 2.4986813068389893, 0.0, 2.177611827850342, 2.177611827850342, 2.177611827850342, 2.177611827850342, 2.177611827850342, 2.177611827850342, 2.177611827850342, 2.177611827850342, 2.177611827850342, 2.177611827850342, 2.177611827850342, 2.177611827850342, 2.177611827850342, 2.177611827850342, 2.177611827850342, 2.177611827850342, 2.177611827850342, 2.177611827850342, 2.177611827850342, 2.177611827850342, 2.177611827850342, 2.177611827850342, 2.177611827850342, 2.177611827850342], [2.898240804672241, 2.5086560249328613, 2.48220157623291, 2.8573379516601562, 2.4967989921569824, 1.9657922983169556, 2.177611827850342, 0.0, 0.0, 0.0, 0.0, 0.0, 0.0, 0.0, 0.0, 0.0, 0.0, 0.0, 0.0, 0.0, 0.0, 0.0, 0.0, 0.0, 0.0, 0.0, 0.0, 0.0, 0.0, 0.0, 0.0], [2.898240804672241, 2.5086560249328613, 2.48220157623291, 2.8573379516601562, 2.4967989921569824, 1.9657922983169556, 2.177611827850342, 0.0, 0.0, 0.0, 0.0, 0.0, 0.0, 0.0, 0.0, 0.0, 0.0, 0.0, 0.0, 0.0, 0.0, 0.0, 0.0, 0.0, 0.0, 0.0, 0.0, 0.0, 0.0, 0.0, 0.0], [2.898240804672241, 2.5086560249328613, 2.48220157623291, 2.8573379516601562, 2.4967989921569824, 1.9657922983169556, 2.177611827850342, 0.0, 0.0, 0.0, 0.0, 0.0, 0.0, 0.0, 0.0, 0.0, 0.0, 0.0, 0.0, 0.0, 0.0, 0.0, 0.0, 0.0, 0.0, 0.0, 0.0, 0.0, 0.0, 0.0, 0.0], [2.898240804672241, 2.5086560249328613, 2.48220157623291, 2.8573379516601562, 2.4967989921569824, 1.9657922983169556, 2.177611827850342, 0.0, 0.0, 0.0, 0.0, 0.0, 0.0, 0.0, 0.0, 0.0, 0.0, 0.0, 0.0, 0.0, 0.0, 0.0, 0.0, 0.0, 0.0, 0.0, 0.0, 0.0, 0.0, 0.0, 0.0], [2.898240804672241, 2.5086560249328613, 2.48220157623291, 2.8573379516601562, 2.4967989921569824, 1.9657922983169556, 2.177611827850342, 0.0, 0.0, 0.0, 0.0, 0.0, 0.0, 0.0, 0.0, 0.0, 0.0, 0.0, 0.0, 0.0, 0.0, 0.0, 0.0, 0.0, 0.0, 0.0, 0.0, 0.0, 0.0, 0.0, 0.0], [2.898240804672241, 2.5086560249328613, 2.48220157623291, 2.8573379516601562, 2.4967989921569824, 1.9657922983169556, 2.177611827850342, 0.0, 0.0, 0.0, 0.0, 0.0, 0.0, 0.0, 0.0, 0.0, 0.0, 0.0, 0.0, 0.0, 0.0, 0.0, 0.0, 0.0, 0.0, 0.0, 0.0, 0.0, 0.0, 0.0, 0.0], [2.898240804672241, 2.5086560249328613, 2.48220157623291, 2.8573379516601562, 2.4967989921569824, 1.9657922983169556, 2.177611827850342, 0.0, 0.0, 0.0, 0.0, 0.0, 0.0, 0.0, 0.0, 0.0, 0.0, 0.0, 0.0, 0.0, 0.0, 0.0, 0.0, 0.0, 0.0, 0.0, 0.0, 0.0, 0.0, 0.0, 0.0], [2.898240804672241, 2.5086560249328613, 2.48220157623291, 2.8573379516601562, 2.4967989921569824, 1.9657922983169556, 2.177611827850342, 0.0, 0.0, 0.0, 0.0, 0.0, 0.0, 0.0, 0.0, 0.0, 0.0, 0.0, 0.0, 0.0, 0.0, 0.0, 0.0, 0.0, 0.0, 0.0, 0.0, 0.0, 0.0, 0.0, 0.0], [2.898240804672241, 2.5086560249328613, 2.48220157623291, 2.8573379516601562, 2.4967989921569824, 1.9657922983169556, 2.177611827850342, 0.0, 0.0, 0.0, 0.0, 0.0, 0.0, 0.0, 0.0, 0.0, 0.0, 0.0, 0.0, 0.0, 0.0, 0.0, 0.0, 0.0, 0.0, 0.0, 0.0, 0.0, 0.0, 0.0, 0.0], [2.898240804672241, 2.5086560249328613, 2.48220157623291, 2.8573379516601562, 2.4967989921569824, 1.9657922983169556, 2.177611827850342, 0.0, 0.0, 0.0, 0.0, 0.0, 0.0, 0.0, 0.0, 0.0, 0.0, 0.0, 0.0, 0.0, 0.0, 0.0, 0.0, 0.0, 0.0, 0.0, 0.0, 0.0, 0.0, 0.0, 0.0], [2.898240804672241, 2.5086560249328613, 2.48220157623291, 2.8573379516601562, 2.4967989921569824, 1.9657922983169556, 2.177611827850342, 0.0, 0.0, 0.0, 0.0, 0.0, 0.0, 0.0, 0.0, 0.0, 0.0, 0.0, 0.0, 0.0, 0.0, 0.0, 0.0, 0.0, 0.0, 0.0, 0.0, 0.0, 0.0, 0.0, 0.0], [2.898240804672241, 2.5086560249328613, 2.48220157623291, 2.8573379516601562, 2.4967989921569824, 1.9657922983169556, 2.177611827850342, 0.0, 0.0, 0.0, 0.0, 0.0, 0.0, 0.0, 0.0, 0.0, 0.0, 0.0, 0.0, 0.0, 0.0, 0.0, 0.0, 0.0, 0.0, 0.0, 0.0, 0.0, 0.0, 0.0, 0.0], [2.898240804672241, 2.5086560249328613, 2.48220157623291, 2.8573379516601562, 2.4967989921569824, 1.9657922983169556, 2.177611827850342, 0.0, 0.0, 0.0, 0.0, 0.0, 0.0, 0.0, 0.0, 0.0, 0.0, 0.0, 0.0, 0.0, 0.0, 0.0, 0.0, 0.0, 0.0, 0.0, 0.0, 0.0, 0.0, 0.0, 0.0], [2.898240804672241, 2.5086560249328613, 2.48220157623291, 2.8573379516601562, 2.4967989921569824, 1.9657922983169556, 2.177611827850342, 0.0, 0.0, 0.0, 0.0, 0.0, 0.0, 0.0, 0.0, 0.0, 0.0, 0.0, 0.0, 0.0, 0.0, 0.0, 0.0, 0.0, 0.0, 0.0, 0.0, 0.0, 0.0, 0.0, 0.0], [2.898240804672241, 2.5086560249328613, 2.48220157623291, 2.8573379516601562, 2.4967989921569824, 1.9657922983169556, 2.177611827850342, 0.0, 0.0, 0.0, 0.0, 0.0, 0.0, 0.0, 0.0, 0.0, 0.0, 0.0, 0.0, 0.0, 0.0, 0.0, 0.0, 0.0, 0.0, 0.0, 0.0, 0.0, 0.0, 0.0, 0.0], [2.898240804672241, 2.5086560249328613, 2.48220157623291, 2.8573379516601562, 2.4967989921569824, 1.9657922983169556, 2.177611827850342, 0.0, 0.0, 0.0, 0.0, 0.0, 0.0, 0.0, 0.0, 0.0, 0.0, 0.0, 0.0, 0.0, 0.0, 0.0, 0.0, 0.0, 0.0, 0.0, 0.0, 0.0, 0.0, 0.0, 0.0], [2.898240804672241, 2.5086560249328613, 2.48220157623291, 2.8573379516601562, 2.4967989921569824, 1.9657922983169556, 2.177611827850342, 0.0, 0.0, 0.0, 0.0, 0.0, 0.0, 0.0, 0.0, 0.0, 0.0, 0.0, 0.0, 0.0, 0.0, 0.0, 0.0, 0.0, 0.0, 0.0, 0.0, 0.0, 0.0, 0.0, 0.0], [2.898240804672241, 2.5086560249328613, 2.48220157623291, 2.8573379516601562, 2.4967989921569824, 1.9657922983169556, 2.177611827850342, 0.0, 0.0, 0.0, 0.0, 0.0, 0.0, 0.0, 0.0, 0.0, 0.0, 0.0, 0.0, 0.0, 0.0, 0.0, 0.0, 0.0, 0.0, 0.0, 0.0, 0.0, 0.0, 0.0, 0.0], [2.898240804672241, 2.5086560249328613, 2.48220157623291, 2.8573379516601562, 2.4967989921569824, 1.9657922983169556, 2.177611827850342, 0.0, 0.0, 0.0, 0.0, 0.0, 0.0, 0.0, 0.0, 0.0, 0.0, 0.0, 0.0, 0.0, 0.0, 0.0, 0.0, 0.0, 0.0, 0.0, 0.0, 0.0, 0.0, 0.0, 0.0], [2.898240804672241, 2.5086560249328613, 2.48220157623291, 2.8573379516601562, 2.4967989921569824, 1.9657922983169556, 2.177611827850342, 0.0, 0.0, 0.0, 0.0, 0.0, 0.0, 0.0, 0.0, 0.0, 0.0, 0.0, 0.0, 0.0, 0.0, 0.0, 0.0, 0.0, 0.0, 0.0, 0.0, 0.0, 0.0, 0.0, 0.0], [2.898240804672241, 2.5086560249328613, 2.48220157623291, 2.8573379516601562, 2.4967989921569824, 1.9657922983169556, 2.177611827850342, 0.0, 0.0, 0.0, 0.0, 0.0, 0.0, 0.0, 0.0, 0.0, 0.0, 0.0, 0.0, 0.0, 0.0, 0.0, 0.0, 0.0, 0.0, 0.0, 0.0, 0.0, 0.0, 0.0, 0.0], [2.898240804672241, 2.5086560249328613, 2.48220157623291, 2.8573379516601562, 2.4967989921569824, 1.9657922983169556, 2.177611827850342, 0.0, 0.0, 0.0, 0.0, 0.0, 0.0, 0.0, 0.0, 0.0, 0.0, 0.0, 0.0, 0.0, 0.0, 0.0, 0.0, 0.0, 0.0, 0.0, 0.0, 0.0, 0.0, 0.0, 0.0], [2.898240804672241, 2.5086560249328613, 2.48220157623291, 2.8573379516601562, 2.4967989921569824, 1.9657922983169556, 2.177611827850342, 0.0, 0.0, 0.0, 0.0, 0.0, 0.0, 0.0, 0.0, 0.0, 0.0, 0.0, 0.0, 0.0, 0.0, 0.0, 0.0, 0.0, 0.0, 0.0, 0.0, 0.0, 0.0, 0.0, 0.0], [2.898240804672241, 2.5086560249328613, 2.48220157623291, 2.8573379516601562, 2.4967989921569824, 1.9657922983169556, 2.177611827850342, 0.0, 0.0, 0.0, 0.0, 0.0, 0.0, 0.0, 0.0, 0.0, 0.0, 0.0, 0.0, 0.0, 0.0, 0.0, 0.0, 0.0, 0.0, 0.0, 0.0, 0.0, 0.0, 0.0, 0.0]], [[0.0, 4.587874412536621, 4.643110275268555, 6.896535873413086, 6.634389877319336, 5.31701135635376, 5.472743988037109, 6.482396125793457, 6.847359657287598, 6.178041458129883, 4.6282877922058105, 6.267812728881836, 5.9605393409729, 4.386468410491943, 4.561293601989746, 5.259182453155518, 4.593051910400391, 4.859645843505859, 3.6135215759277344, 3.132903575897217, 3.132903575897217, 3.132903575897217, 3.132903575897217, 3.132903575897217, 3.132903575897217, 3.132903575897217, 3.132903575897217, 3.132903575897217, 3.132903575897217, 3.132903575897217, 3.132903575897217], [4.587874412536621, 0.0, 5.69151496887207, 7.72645378112793, 7.272819519042969, 5.480488300323486, 5.888665199279785, 7.4190754890441895, 8.037858963012695, 6.786166191101074, 4.867778301239014, 7.315895080566406, 7.000500202178955, 6.319944381713867, 6.466635227203369, 6.445775985717773, 7.440644264221191, 6.511617183685303, 5.017236709594727, 4.508817195892334, 4.508817195892334, 4.508817195892334, 4.508817195892334, 4.508817195892334, 4.508817195892334, 4.508817195892334, 4.508817195892334, 4.508817195892334, 4.508817195892334, 4.508817195892334, 4.508817195892334], [4.643110275268555, 5.69151496887207, 0.0, 5.339475154876709, 4.579500675201416, 5.328859806060791, 5.255821228027344, 6.04617977142334, 6.083505153656006, 4.932398796081543, 4.628079891204834, 2.7452588081359863, 5.911617279052734, 5.3762030601501465, 4.751132011413574, 5.534275531768799, 5.504674911499023, 5.401142120361328, 4.069706439971924, 2.8997652530670166, 2.8997652530670166, 2.8997652530670166, 2.8997652530670166, 2.8997652530670166, 2.8997652530670166, 2.8997652530670166, 2.8997652530670166, 2.8997652530670166, 2.8997652530670166, 2.8997652530670166, 2.8997652530670166], [6.896535873413086, 7.72645378112793, 5.339475154876709, 0.0, 6.190752983093262, 7.082253456115723, 7.282914161682129, 6.881993293762207, 7.602417945861816, 7.259934425354004, 6.1381120681762695, 7.468632698059082, 6.915980339050293, 7.167257308959961, 7.515439510345459, 9.436567306518555, 7.301896572113037, 6.805620193481445, 6.910872459411621, 5.126746654510498, 5.126746654510498, 5.126746654510498, 5.126746654510498, 5.126746654510498, 5.126746654510498, 5.126746654510498, 5.126746654510498, 5.126746654510498, 5.126746654510498, 5.126746654510498, 5.126746654510498], [6.634389877319336, 7.272819519042969, 4.579500675201416, 6.190752983093262, 0.0, 4.235370635986328, 5.134918689727783, 6.6566691398620605, 6.9403181076049805, 5.576221466064453, 6.293352127075195, 6.52901554107666, 6.252467155456543, 6.402928829193115, 5.891951084136963, 7.341887950897217, 6.2290754318237305, 5.470898628234863, 4.596768379211426, 3.690194606781006, 3.690194606781006, 3.690194606781006, 3.690194606781006, 3.690194606781006, 3.690194606781006, 3.690194606781006, 3.690194606781006, 3.690194606781006, 3.690194606781006, 3.690194606781006, 3.690194606781006], [5.31701135635376, 5.480488300323486, 5.328859806060791, 7.082253456115723, 4.235370635986328, 0.0, 4.667021751403809, 6.329118728637695, 6.922718048095703, 5.333682060241699, 4.777381420135498, 6.312302112579346, 5.919466972351074, 5.35695219039917, 5.21404504776001, 5.575477600097656, 5.943619728088379, 4.887544631958008, 3.9681172370910645, 2.799903392791748, 2.799903392791748, 2.799903392791748, 2.799903392791748, 2.799903392791748, 2.799903392791748, 2.799903392791748, 2.799903392791748, 2.799903392791748, 2.799903392791748, 2.799903392791748, 2.799903392791748], [5.472743988037109, 5.888665199279785, 5.255821228027344, 7.282914161682129, 5.134918689727783, 4.667021751403809, 0.0, 4.126865386962891, 6.522816181182861, 5.420991897583008, 5.38754940032959, 6.227279186248779, 5.004211902618408, 5.988086223602295, 4.430609226226807, 5.326918601989746, 5.634593963623047, 4.586218357086182, 4.603182792663574, 2.960726022720337, 2.960726022720337, 2.960726022720337, 2.960726022720337, 2.960726022720337, 2.960726022720337, 2.960726022720337, 2.960726022720337, 2.960726022720337, 2.960726022720337, 2.960726022720337, 2.960726022720337], [6.482396125793457, 7.4190754890441895, 6.04617977142334, 6.881993293762207, 6.6566691398620605, 6.329118728637695, 4.126865386962891, 0.0, 6.16778564453125, 5.390346050262451, 5.2375335693359375, 6.01883602142334, 5.587017059326172, 6.597834587097168, 5.291622161865234, 6.059286594390869, 6.471921920776367, 5.088144779205322, 5.265092849731445, 3.8071885108947754, 3.8071885108947754, 3.8071885108947754, 3.8071885108947754, 3.8071885108947754, 3.8071885108947754, 3.8071885108947754, 3.8071885108947754, 3.8071885108947754, 3.8071885108947754, 3.8071885108947754, 3.8071885108947754], [6.847359657287598, 8.037858963012695, 6.083505153656006, 7.602417945861816, 6.9403181076049805, 6.922718048095703, 6.522816181182861, 6.16778564453125, 0.0, 3.4949259757995605, 5.00787353515625, 6.3724894523620605, 6.780675411224365, 6.382473945617676, 6.364163875579834, 6.947749137878418, 7.274183750152588, 5.3727006912231445, 5.311954498291016, 4.159000873565674, 4.159000873565674, 4.159000873565674, 4.159000873565674, 4.159000873565674, 4.159000873565674, 4.159000873565674, 4.159000873565674, 4.159000873565674, 4.159000873565674, 4.159000873565674, 4.159000873565674], [6.178041458129883, 6.786166191101074, 4.932398796081543, 7.259934425354004, 5.576221466064453, 5.333682060241699, 5.420991897583008, 5.390346050262451, 3.4949259757995605, 0.0, 3.660104274749756, 5.452110767364502, 5.109691619873047, 5.418796062469482, 4.966534614562988, 5.591964244842529, 5.7746734619140625, 4.615660667419434, 4.402981758117676, 3.123833179473877, 3.123833179473877, 3.123833179473877, 3.123833179473877, 3.123833179473877, 3.123833179473877, 3.123833179473877, 3.123833179473877, 3.123833179473877, 3.123833179473877, 3.123833179473877, 3.123833179473877], [4.6282877922058105, 4.867778301239014, 4.628079891204834, 6.1381120681762695, 6.293352127075195, 4.777381420135498, 5.38754940032959, 5.2375335693359375, 5.00787353515625, 3.660104274749756, 0.0, 4.1477766036987305, 4.46022891998291, 4.105815410614014, 3.765420913696289, 4.458316802978516, 4.9991607666015625, 3.951639175415039, 3.956984519958496, 2.249116897583008, 2.249116897583008, 2.249116897583008, 2.249116897583008, 2.249116897583008, 2.249116897583008, 2.249116897583008, 2.249116897583008, 2.249116897583008, 2.249116897583008, 2.249116897583008, 2.249116897583008], [6.267812728881836, 7.315895080566406, 2.7452588081359863, 7.468632698059082, 6.52901554107666, 6.312302112579346, 6.227279186248779, 6.01883602142334, 6.3724894523620605, 5.452110767364502, 4.1477766036987305, 0.0, 5.359498023986816, 4.358552932739258, 4.2316083908081055, 4.6446943283081055, 5.160050392150879, 4.822176933288574, 4.453510761260986, 2.8748433589935303, 2.8748433589935303, 2.8748433589935303, 2.8748433589935303, 2.8748433589935303, 2.8748433589935303, 2.8748433589935303, 2.8748433589935303, 2.8748433589935303, 2.8748433589935303, 2.8748433589935303, 2.8748433589935303], [5.9605393409729, 7.000500202178955, 5.911617279052734, 6.915980339050293, 6.252467155456543, 5.919466972351074, 5.004211902618408, 5.587017059326172, 6.780675411224365, 5.109691619873047, 4.46022891998291, 5.359498023986816, 0.0, 4.195105075836182, 3.5536699295043945, 5.1355881690979, 4.042719841003418, 3.9107143878936768, 3.965766429901123, 2.6163127422332764, 2.6163127422332764, 2.6163127422332764, 2.6163127422332764, 2.6163127422332764, 2.6163127422332764, 2.6163127422332764, 2.6163127422332764, 2.6163127422332764, 2.6163127422332764, 2.6163127422332764, 2.6163127422332764], [4.386468410491943, 6.319944381713867, 5.3762030601501465, 7.167257308959961, 6.402928829193115, 5.35695219039917, 5.988086223602295, 6.597834587097168, 6.382473945617676, 5.418796062469482, 4.105815410614014, 4.358552932739258, 4.195105075836182, 0.0, 3.350574493408203, 4.1103692054748535, 4.2751030921936035, 4.166706085205078, 3.8073062896728516, 2.5191845893859863, 2.5191845893859863, 2.5191845893859863, 2.5191845893859863, 2.5191845893859863, 2.5191845893859863, 2.5191845893859863, 2.5191845893859863, 2.5191845893859863, 2.5191845893859863, 2.5191845893859863, 2.5191845893859863], [4.561293601989746, 6.466635227203369, 4.751132011413574, 7.515439510345459, 5.891951084136963, 5.21404504776001, 4.430609226226807, 5.291622161865234, 6.364163875579834, 4.966534614562988, 3.765420913696289, 4.2316083908081055, 3.5536699295043945, 3.350574493408203, 0.0, 3.0278162956237793, 3.1932272911071777, 3.0531468391418457, 3.4781792163848877, 2.100508451461792, 2.100508451461792, 2.100508451461792, 2.100508451461792, 2.100508451461792, 2.100508451461792, 2.100508451461792, 2.100508451461792, 2.100508451461792, 2.100508451461792, 2.100508451461792, 2.100508451461792], [5.259182453155518, 6.445775985717773, 5.534275531768799, 9.436567306518555, 7.341887950897217, 5.575477600097656, 5.326918601989746, 6.059286594390869, 6.947749137878418, 5.591964244842529, 4.458316802978516, 4.6446943283081055, 5.1355881690979, 4.1103692054748535, 3.0278162956237793, 0.0, 4.200528144836426, 4.082271099090576, 3.7608206272125244, 2.6988425254821777, 2.6988425254821777, 2.6988425254821777, 2.6988425254821777, 2.6988425254821777, 2.6988425254821777, 2.6988425254821777, 2.6988425254821777, 2.6988425254821777, 2.6988425254821777, 2.6988425254821777, 2.6988425254821777], [4.593051910400391, 7.440644264221191, 5.504674911499023, 7.301896572113037, 6.2290754318237305, 5.943619728088379, 5.634593963623047, 6.471921920776367, 7.274183750152588, 5.7746734619140625, 4.9991607666015625, 5.160050392150879, 4.042719841003418, 4.2751030921936035, 3.1932272911071777, 4.200528144836426, 0.0, 3.029695749282837, 3.2827672958374023, 2.5154647827148438, 2.5154647827148438, 2.5154647827148438, 2.5154647827148438, 2.5154647827148438, 2.5154647827148438, 2.5154647827148438, 2.5154647827148438, 2.5154647827148438, 2.5154647827148438, 2.5154647827148438, 2.5154647827148438], [4.859645843505859, 6.511617183685303, 5.401142120361328, 6.805620193481445, 5.470898628234863, 4.887544631958008, 4.586218357086182, 5.088144779205322, 5.3727006912231445, 4.615660667419434, 3.951639175415039, 4.822176933288574, 3.9107143878936768, 4.166706085205078, 3.0531468391418457, 4.082271099090576, 3.029695749282837, 0.0, 3.0001630783081055, 1.9242897033691406, 1.9242897033691406, 1.9242897033691406, 1.9242897033691406, 1.9242897033691406, 1.9242897033691406, 1.9242897033691406, 1.9242897033691406, 1.9242897033691406, 1.9242897033691406, 1.9242897033691406, 1.9242897033691406], [3.6135215759277344, 5.017236709594727, 4.069706439971924, 6.910872459411621, 4.596768379211426, 3.9681172370910645, 4.603182792663574, 5.265092849731445, 5.311954498291016, 4.402981758117676, 3.956984519958496, 4.453510761260986, 3.965766429901123, 3.8073062896728516, 3.4781792163848877, 3.7608206272125244, 3.2827672958374023, 3.0001630783081055, 0.0, 1.3651578426361084, 1.3651578426361084, 1.3651578426361084, 1.3651578426361084, 1.3651578426361084, 1.3651578426361084, 1.3651578426361084, 1.3651578426361084, 1.3651578426361084, 1.3651578426361084, 1.3651578426361084, 1.3651578426361084], [3.132903575897217, 4.508817195892334, 2.8997652530670166, 5.126746654510498, 3.690194606781006, 2.799903392791748, 2.960726022720337, 3.8071885108947754, 4.159000873565674, 3.123833179473877, 2.249116897583008, 2.8748433589935303, 2.6163127422332764, 2.5191845893859863, 2.100508451461792, 2.6988425254821777, 2.5154647827148438, 1.9242897033691406, 1.3651578426361084, 0.0, 0.0, 0.0, 0.0, 0.0, 0.0, 0.0, 0.0, 0.0, 0.0, 0.0, 0.0], [3.132903575897217, 4.508817195892334, 2.8997652530670166, 5.126746654510498, 3.690194606781006, 2.799903392791748, 2.960726022720337, 3.8071885108947754, 4.159000873565674, 3.123833179473877, 2.249116897583008, 2.8748433589935303, 2.6163127422332764, 2.5191845893859863, 2.100508451461792, 2.6988425254821777, 2.5154647827148438, 1.9242897033691406, 1.3651578426361084, 0.0, 0.0, 0.0, 0.0, 0.0, 0.0, 0.0, 0.0, 0.0, 0.0, 0.0, 0.0], [3.132903575897217, 4.508817195892334, 2.8997652530670166, 5.126746654510498, 3.690194606781006, 2.799903392791748, 2.960726022720337, 3.8071885108947754, 4.159000873565674, 3.123833179473877, 2.249116897583008, 2.8748433589935303, 2.6163127422332764, 2.5191845893859863, 2.100508451461792, 2.6988425254821777, 2.5154647827148438, 1.9242897033691406, 1.3651578426361084, 0.0, 0.0, 0.0, 0.0, 0.0, 0.0, 0.0, 0.0, 0.0, 0.0, 0.0, 0.0], [3.132903575897217, 4.508817195892334, 2.8997652530670166, 5.126746654510498, 3.690194606781006, 2.799903392791748, 2.960726022720337, 3.8071885108947754, 4.159000873565674, 3.123833179473877, 2.249116897583008, 2.8748433589935303, 2.6163127422332764, 2.5191845893859863, 2.100508451461792, 2.6988425254821777, 2.5154647827148438, 1.9242897033691406, 1.3651578426361084, 0.0, 0.0, 0.0, 0.0, 0.0, 0.0, 0.0, 0.0, 0.0, 0.0, 0.0, 0.0], [3.132903575897217, 4.508817195892334, 2.8997652530670166, 5.126746654510498, 3.690194606781006, 2.799903392791748, 2.960726022720337, 3.8071885108947754, 4.159000873565674, 3.123833179473877, 2.249116897583008, 2.8748433589935303, 2.6163127422332764, 2.5191845893859863, 2.100508451461792, 2.6988425254821777, 2.5154647827148438, 1.9242897033691406, 1.3651578426361084, 0.0, 0.0, 0.0, 0.0, 0.0, 0.0, 0.0, 0.0, 0.0, 0.0, 0.0, 0.0], [3.132903575897217, 4.508817195892334, 2.8997652530670166, 5.126746654510498, 3.690194606781006, 2.799903392791748, 2.960726022720337, 3.8071885108947754, 4.159000873565674, 3.123833179473877, 2.249116897583008, 2.8748433589935303, 2.6163127422332764, 2.5191845893859863, 2.100508451461792, 2.6988425254821777, 2.5154647827148438, 1.9242897033691406, 1.3651578426361084, 0.0, 0.0, 0.0, 0.0, 0.0, 0.0, 0.0, 0.0, 0.0, 0.0, 0.0, 0.0], [3.132903575897217, 4.508817195892334, 2.8997652530670166, 5.126746654510498, 3.690194606781006, 2.799903392791748, 2.960726022720337, 3.8071885108947754, 4.159000873565674, 3.123833179473877, 2.249116897583008, 2.8748433589935303, 2.6163127422332764, 2.5191845893859863, 2.100508451461792, 2.6988425254821777, 2.5154647827148438, 1.9242897033691406, 1.3651578426361084, 0.0, 0.0, 0.0, 0.0, 0.0, 0.0, 0.0, 0.0, 0.0, 0.0, 0.0, 0.0], [3.132903575897217, 4.508817195892334, 2.8997652530670166, 5.126746654510498, 3.690194606781006, 2.799903392791748, 2.960726022720337, 3.8071885108947754, 4.159000873565674, 3.123833179473877, 2.249116897583008, 2.8748433589935303, 2.6163127422332764, 2.5191845893859863, 2.100508451461792, 2.6988425254821777, 2.5154647827148438, 1.9242897033691406, 1.3651578426361084, 0.0, 0.0, 0.0, 0.0, 0.0, 0.0, 0.0, 0.0, 0.0, 0.0, 0.0, 0.0], [3.132903575897217, 4.508817195892334, 2.8997652530670166, 5.126746654510498, 3.690194606781006, 2.799903392791748, 2.960726022720337, 3.8071885108947754, 4.159000873565674, 3.123833179473877, 2.249116897583008, 2.8748433589935303, 2.6163127422332764, 2.5191845893859863, 2.100508451461792, 2.6988425254821777, 2.5154647827148438, 1.9242897033691406, 1.3651578426361084, 0.0, 0.0, 0.0, 0.0, 0.0, 0.0, 0.0, 0.0, 0.0, 0.0, 0.0, 0.0], [3.132903575897217, 4.508817195892334, 2.8997652530670166, 5.126746654510498, 3.690194606781006, 2.799903392791748, 2.960726022720337, 3.8071885108947754, 4.159000873565674, 3.123833179473877, 2.249116897583008, 2.8748433589935303, 2.6163127422332764, 2.5191845893859863, 2.100508451461792, 2.6988425254821777, 2.5154647827148438, 1.9242897033691406, 1.3651578426361084, 0.0, 0.0, 0.0, 0.0, 0.0, 0.0, 0.0, 0.0, 0.0, 0.0, 0.0, 0.0], [3.132903575897217, 4.508817195892334, 2.8997652530670166, 5.126746654510498, 3.690194606781006, 2.799903392791748, 2.960726022720337, 3.8071885108947754, 4.159000873565674, 3.123833179473877, 2.249116897583008, 2.8748433589935303, 2.6163127422332764, 2.5191845893859863, 2.100508451461792, 2.6988425254821777, 2.5154647827148438, 1.9242897033691406, 1.3651578426361084, 0.0, 0.0, 0.0, 0.0, 0.0, 0.0, 0.0, 0.0, 0.0, 0.0, 0.0, 0.0], [3.132903575897217, 4.508817195892334, 2.8997652530670166, 5.126746654510498, 3.690194606781006, 2.799903392791748, 2.960726022720337, 3.8071885108947754, 4.159000873565674, 3.123833179473877, 2.249116897583008, 2.8748433589935303, 2.6163127422332764, 2.5191845893859863, 2.100508451461792, 2.6988425254821777, 2.5154647827148438, 1.9242897033691406, 1.3651578426361084, 0.0, 0.0, 0.0, 0.0, 0.0, 0.0, 0.0, 0.0, 0.0, 0.0, 0.0, 0.0]], [[0.0, 6.799331188201904, 6.183305263519287, 5.485106945037842, 6.78823184967041, 6.446642875671387, 6.187476634979248, 6.6893510818481445, 5.854291915893555, 6.885100841522217, 8.229355812072754, 6.509325981140137, 6.119812965393066, 7.1419677734375, 7.730574607849121, 7.060101509094238, 7.878464221954346, 7.2104172706604, 8.378519058227539, 6.968993186950684, 8.133400917053223, 7.608543395996094, 7.789146900177002, 6.952210426330566, 6.985533237457275, 7.674973964691162, 8.362586975097656, 6.621487140655518, 4.632298469543457, 4.568527698516846, 4.568527698516846], [6.799331188201904, 0.0, 4.73595666885376, 5.220943927764893, 6.220318794250488, 5.058988571166992, 4.761596202850342, 4.769525527954102, 5.099323272705078, 5.102806568145752, 4.288571834564209, 5.63093376159668, 5.2189202308654785, 5.96773099899292, 6.255859375, 6.230927467346191, 5.404056549072266, 6.333856582641602, 6.63376522064209, 5.719888210296631, 6.032109260559082, 6.644882678985596, 5.679828643798828, 5.865385055541992, 8.488073348999023, 7.80281925201416, 8.796650886535645, 5.705244064331055, 4.1234049797058105, 3.159060478210449, 3.159060478210449], [6.183305263519287, 4.73595666885376, 0.0, 3.7502355575561523, 4.680325508117676, 5.9181904792785645, 4.8408284187316895, 5.553980350494385, 4.281944274902344, 5.539370059967041, 6.159200668334961, 4.969651699066162, 5.592073917388916, 6.80738639831543, 6.532006740570068, 5.427810192108154, 5.1415252685546875, 5.97926139831543, 6.388167858123779, 4.928997993469238, 6.419066429138184, 5.880848407745361, 4.522700786590576, 5.726030349731445, 6.293180465698242, 7.185217380523682, 7.239289283752441, 6.04913330078125, 5.142997741699219, 3.5426416397094727, 3.5426416397094727], [5.485106945037842, 5.220943927764893, 3.7502355575561523, 0.0, 4.206173419952393, 5.208209991455078, 4.27830171585083, 4.668980121612549, 4.262316703796387, 6.649144172668457, 6.3818488121032715, 4.135347366333008, 4.9063568115234375, 5.763588905334473, 6.449001789093018, 5.1227126121521, 4.979494571685791, 5.385426998138428, 5.692750930786133, 4.461062908172607, 5.219636917114258, 5.724483013153076, 5.5625152587890625, 5.0883588790893555, 7.122538089752197, 7.340953826904297, 7.460627555847168, 5.893043518066406, 4.214579105377197, 3.228623867034912, 3.228623867034912], [6.78823184967041, 6.220318794250488, 4.680325508117676, 4.206173419952393, 0.0, 3.975278854370117, 4.021550178527832, 4.325642108917236, 4.0395402908325195, 6.194949626922607, 5.952618598937988, 4.673381805419922, 6.052518367767334, 6.299047946929932, 6.226869583129883, 5.447240829467773, 5.115589618682861, 5.393658638000488, 5.337028503417969, 5.452755928039551, 5.517560958862305, 5.52955436706543, 5.5166826248168945, 5.349020004272461, 7.057666778564453, 6.16345739364624, 9.199593544006348, 5.385615348815918, 4.966282367706299, 3.2101829051971436, 3.2101829051971436], [6.446642875671387, 5.058988571166992, 5.9181904792785645, 5.208209991455078, 3.975278854370117, 0.0, 3.1770615577697754, 3.9988911151885986, 4.033571243286133, 4.293900489807129, 4.816164970397949, 4.257379531860352, 6.064338684082031, 5.728048324584961, 5.139864921569824, 4.836638450622559, 4.884828567504883, 5.379392623901367, 5.045840263366699, 5.631553649902344, 6.049753189086914, 5.551788806915283, 5.618003845214844, 4.587189674377441, 7.190790176391602, 6.658337116241455, 8.308971405029297, 5.540406703948975, 4.028090476989746, 2.992954730987549, 2.992954730987549], [6.187476634979248, 4.761596202850342, 4.8408284187316895, 4.27830171585083, 4.021550178527832, 3.1770615577697754, 0.0, 3.1488471031188965, 2.8936026096343994, 4.315124034881592, 4.320816516876221, 3.457576036453247, 4.148439407348633, 4.480581283569336, 4.171951770782471, 3.6149890422821045, 4.178272247314453, 4.777979850769043, 4.444382190704346, 3.4224085807800293, 4.683640480041504, 4.465506553649902, 4.182371139526367, 4.478555202484131, 6.498567581176758, 6.207283973693848, 6.764042854309082, 5.086080074310303, 3.4391331672668457, 1.9014016389846802, 1.9014016389846802], [6.6893510818481445, 4.769525527954102, 5.553980350494385, 4.668980121612549, 4.325642108917236, 3.9988911151885986, 3.1488471031188965, 0.0, 3.3512861728668213, 3.939009189605713, 3.6466140747070312, 3.7926886081695557, 4.393274784088135, 5.060498237609863, 5.282291412353516, 4.4382219314575195, 3.96675968170166, 4.595879554748535, 5.095502853393555, 4.358303546905518, 5.81217622756958, 5.733513832092285, 4.976207733154297, 4.866955280303955, 6.628566265106201, 5.658045768737793, 7.196412086486816, 4.040064811706543, 3.4704480171203613, 1.7586674690246582, 1.7586674690246582], [5.854291915893555, 5.099323272705078, 4.281944274902344, 4.262316703796387, 4.0395402908325195, 4.033571243286133, 2.8936026096343994, 3.3512861728668213, 0.0, 3.9545791149139404, 3.495612144470215, 2.690993309020996, 4.822667121887207, 5.122836589813232, 4.891269207000732, 4.1822381019592285, 4.2634782791137695, 4.234278678894043, 4.091520309448242, 3.8262295722961426, 4.485167026519775, 4.6869797706604, 3.778470277786255, 4.045518398284912, 6.037405490875244, 5.643941879272461, 6.196937561035156, 4.788601398468018, 2.8867974281311035, 1.7947620153427124, 1.7947620153427124], [6.885100841522217, 5.102806568145752, 5.539370059967041, 6.649144172668457, 6.194949626922607, 4.293900489807129, 4.315124034881592, 3.939009189605713, 3.9545791149139404, 0.0, 3.504945755004883, 4.577814102172852, 5.354517459869385, 5.40498161315918, 5.266081809997559, 4.684831619262695, 4.305603981018066, 4.879545211791992, 6.267139434814453, 4.945287227630615, 6.1364970207214355, 6.1692609786987305, 4.73879337310791, 5.07747220993042, 7.932746887207031, 6.125032901763916, 8.563901901245117, 5.558486461639404, 4.740301609039307, 3.162051200866699, 3.162051200866699], [8.229355812072754, 4.288571834564209, 6.159200668334961, 6.3818488121032715, 5.952618598937988, 4.816164970397949, 4.320816516876221, 3.6466140747070312, 3.495612144470215, 3.504945755004883, 0.0, 4.251827239990234, 5.73729133605957, 4.226683616638184, 5.473825454711914, 4.9877142906188965, 4.201468467712402, 5.215633392333984, 5.815995216369629, 5.115722179412842, 4.900022983551025, 6.61241340637207, 5.472496509552002, 5.475499153137207, 7.779214859008789, 6.620375156402588, 8.450652122497559, 5.336434364318848, 3.6270689964294434, 2.4713966846466064, 2.4713966846466064], [6.509325981140137, 5.63093376159668, 4.969651699066162, 4.135347366333008, 4.673381805419922, 4.257379531860352, 3.457576036453247, 3.7926886081695557, 2.690993309020996, 4.577814102172852, 4.251827239990234, 0.0, 3.6215548515319824, 4.511732578277588, 4.181575298309326, 4.133456230163574, 5.14518404006958, 5.525075435638428, 4.530030727386475, 3.9169440269470215, 4.988788604736328, 4.708926200866699, 4.314105033874512, 3.7607061862945557, 5.8326849937438965, 5.837372779846191, 6.495237350463867, 4.631418228149414, 3.494270086288452, 2.306682586669922, 2.306682586669922], [6.119812965393066, 5.2189202308654785, 5.592073917388916, 4.9063568115234375, 6.052518367767334, 6.064338684082031, 4.148439407348633, 4.393274784088135, 4.822667121887207, 5.354517459869385, 5.73729133605957, 3.6215548515319824, 0.0, 4.877312183380127, 4.700869560241699, 4.868985652923584, 5.2869648933410645, 5.277133464813232, 4.946326732635498, 4.3161725997924805, 5.779426097869873, 5.650310516357422, 4.168511867523193, 5.361347675323486, 7.391937732696533, 6.4425530433654785, 6.8712568283081055, 4.719067096710205, 3.9254417419433594, 2.6915059089660645, 2.6915059089660645], [7.1419677734375, 5.96773099899292, 6.80738639831543, 5.763588905334473, 6.299047946929932, 5.728048324584961, 4.480581283569336, 5.060498237609863, 5.122836589813232, 5.40498161315918, 4.226683616638184, 4.511732578277588, 4.877312183380127, 0.0, 5.157448768615723, 5.431791305541992, 4.494953632354736, 5.501862525939941, 5.361203193664551, 5.5400261878967285, 4.645407676696777, 5.787797927856445, 5.181346416473389, 5.842808723449707, 8.15202808380127, 6.593522548675537, 7.739013195037842, 5.19101095199585, 4.438470840454102, 3.443432569503784, 3.443432569503784], [7.730574607849121, 6.255859375, 6.532006740570068, 6.449001789093018, 6.226869583129883, 5.139864921569824, 4.171951770782471, 5.282291412353516, 4.891269207000732, 5.266081809997559, 5.473825454711914, 4.181575298309326, 4.700869560241699, 5.157448768615723, 0.0, 3.1198997497558594, 4.879600524902344, 4.330749034881592, 3.1815474033355713, 3.67728853225708, 5.2995758056640625, 2.679811954498291, 3.64839768409729, 4.055256366729736, 7.551980018615723, 7.259540557861328, 7.731693267822266, 6.183560848236084, 4.453446865081787, 3.1356780529022217, 3.1356780529022217], [7.060101509094238, 6.230927467346191, 5.427810192108154, 5.1227126121521, 5.447240829467773, 4.836638450622559, 3.6149890422821045, 4.4382219314575195, 4.1822381019592285, 4.684831619262695, 4.9877142906188965, 4.133456230163574, 4.868985652923584, 5.431791305541992, 3.1198997497558594, 0.0, 3.7796061038970947, 3.2413065433502197, 3.4555466175079346, 2.0776333808898926, 4.637765884399414, 4.018302917480469, 4.403542995452881, 4.254220485687256, 7.580409049987793, 7.25868034362793, 7.611536979675293, 6.1674394607543945, 4.2253642082214355, 2.8125503063201904, 2.8125503063201904], [7.878464221954346, 5.404056549072266, 5.1415252685546875, 4.979494571685791, 5.115589618682861, 4.884828567504883, 4.178272247314453, 3.96675968170166, 4.2634782791137695, 4.305603981018066, 4.201468467712402, 5.14518404006958, 5.2869648933410645, 4.494953632354736, 4.879600524902344, 3.7796061038970947, 0.0, 3.41813063621521, 4.501725196838379, 4.332387924194336, 4.003149032592773, 4.64219331741333, 5.007375240325928, 4.303300380706787, 7.158745288848877, 5.188881874084473, 6.282918453216553, 4.161052227020264, 4.257367134094238, 2.8473997116088867, 2.8473997116088867], [7.2104172706604, 6.333856582641602, 5.97926139831543, 5.385426998138428, 5.393658638000488, 5.379392623901367, 4.777979850769043, 4.595879554748535, 4.234278678894043, 4.879545211791992, 5.215633392333984, 5.525075435638428, 5.277133464813232, 5.501862525939941, 4.330749034881592, 3.2413065433502197, 3.41813063621521, 0.0, 3.117102861404419, 3.7459349632263184, 4.350922584533691, 4.457621097564697, 4.115749359130859, 3.957423210144043, 7.71499490737915, 5.953229904174805, 7.086416244506836, 5.382604598999023, 4.91002893447876, 3.156738519668579, 3.156738519668579], [8.378519058227539, 6.63376522064209, 6.388167858123779, 5.692750930786133, 5.337028503417969, 5.045840263366699, 4.444382190704346, 5.095502853393555, 4.091520309448242, 6.267139434814453, 5.815995216369629, 4.530030727386475, 4.946326732635498, 5.361203193664551, 3.1815474033355713, 3.4555466175079346, 4.501725196838379, 3.117102861404419, 0.0, 2.9206061363220215, 4.199306964874268, 2.5625057220458984, 3.9221057891845703, 3.9983291625976562, 7.616592884063721, 6.972880840301514, 7.223018169403076, 6.118623733520508, 4.965261459350586, 3.100526809692383, 3.100526809692383], [6.968993186950684, 5.719888210296631, 4.928997993469238, 4.461062908172607, 5.452755928039551, 5.631553649902344, 3.4224085807800293, 4.358303546905518, 3.8262295722961426, 4.945287227630615, 5.115722179412842, 3.9169440269470215, 4.3161725997924805, 5.5400261878967285, 3.67728853225708, 2.0776333808898926, 4.332387924194336, 3.7459349632263184, 2.9206061363220215, 0.0, 4.0270891189575195, 3.702130079269409, 4.319462776184082, 4.265322685241699, 7.420177459716797, 7.484422206878662, 8.014924049377441, 5.951600074768066, 4.435507297515869, 2.759584665298462, 2.759584665298462], [8.133400917053223, 6.032109260559082, 6.419066429138184, 5.219636917114258, 5.517560958862305, 6.049753189086914, 4.683640480041504, 5.81217622756958, 4.485167026519775, 6.1364970207214355, 4.900022983551025, 4.988788604736328, 5.779426097869873, 4.645407676696777, 5.2995758056640625, 4.637765884399414, 4.003149032592773, 4.350922584533691, 4.199306964874268, 4.0270891189575195, 0.0, 4.3743696212768555, 4.643486022949219, 5.075148105621338, 8.267372131347656, 6.948687553405762, 6.937808990478516, 6.176314830780029, 4.103323936462402, 3.200303316116333, 3.200303316116333], [7.608543395996094, 6.644882678985596, 5.880848407745361, 5.724483013153076, 5.52955436706543, 5.551788806915283, 4.465506553649902, 5.733513832092285, 4.6869797706604, 6.1692609786987305, 6.61241340637207, 4.708926200866699, 5.650310516357422, 5.787797927856445, 2.679811954498291, 4.018302917480469, 4.64219331741333, 4.457621097564697, 2.5625057220458984, 3.702130079269409, 4.3743696212768555, 0.0, 3.5237910747528076, 4.2002482414245605, 6.906510353088379, 6.842939853668213, 7.106006622314453, 6.295250415802002, 5.40903377532959, 3.565387487411499, 3.565387487411499], [7.789146900177002, 5.679828643798828, 4.522700786590576, 5.5625152587890625, 5.5166826248168945, 5.618003845214844, 4.182371139526367, 4.976207733154297, 3.778470277786255, 4.73879337310791, 5.472496509552002, 4.314105033874512, 4.168511867523193, 5.181346416473389, 3.64839768409729, 4.403542995452881, 5.007375240325928, 4.115749359130859, 3.9221057891845703, 4.319462776184082, 4.643486022949219, 3.5237910747528076, 0.0, 3.895905017852783, 6.401240348815918, 5.284722328186035, 5.163840293884277, 4.906977653503418, 4.185818672180176, 2.7237777709960938, 2.7237777709960938], [6.952210426330566, 5.865385055541992, 5.726030349731445, 5.0883588