[[[[0.0, 4.068983554840088, 5.549212455749512, 6.108531951904297, 5.525361061096191, 7.264915943145752, 3.5438232421875, 3.8710036277770996, 3.8710036277770996, 3.8710036277770996, 3.8710036277770996, 3.8710036277770996, 3.8710036277770996, 3.8710036277770996, 3.8710036277770996, 3.8710036277770996, 3.8710036277770996, 3.8710036277770996, 3.8710036277770996, 3.8710036277770996, 3.8710036277770996, 3.8710036277770996, 3.8710036277770996, 3.8710036277770996, 3.8710036277770996, 3.8710036277770996, 3.8710036277770996, 3.8710036277770996, 3.8710036277770996, 3.8710036277770996, 3.8710036277770996], [4.068983554840088, 0.0, 3.9607346057891846, 4.288572311401367, 5.400274276733398, 5.903137683868408, 3.838252067565918, 3.0626587867736816, 3.0626587867736816, 3.0626587867736816, 3.0626587867736816, 3.0626587867736816, 3.0626587867736816, 3.0626587867736816, 3.0626587867736816, 3.0626587867736816, 3.0626587867736816, 3.0626587867736816, 3.0626587867736816, 3.0626587867736816, 3.0626587867736816, 3.0626587867736816, 3.0626587867736816, 3.0626587867736816, 3.0626587867736816, 3.0626587867736816, 3.0626587867736816, 3.0626587867736816, 3.0626587867736816, 3.0626587867736816, 3.0626587867736816], [5.549212455749512, 3.9607346057891846, 0.0, 4.509871482849121, 5.2261834144592285, 7.249050617218018, 5.275895118713379, 3.356818914413452, 3.356818914413452, 3.356818914413452, 3.356818914413452, 3.356818914413452, 3.356818914413452, 3.356818914413452, 3.356818914413452, 3.356818914413452, 3.356818914413452, 3.356818914413452, 3.356818914413452, 3.356818914413452, 3.356818914413452, 3.356818914413452, 3.356818914413452, 3.356818914413452, 3.356818914413452, 3.356818914413452, 3.356818914413452, 3.356818914413452, 3.356818914413452, 3.356818914413452, 3.356818914413452], [6.108531951904297, 4.288572311401367, 4.509871482849121, 0.0, 4.651436805725098, 6.948694705963135, 4.874215126037598, 3.4804346561431885, 3.4804346561431885, 3.4804346561431885, 3.4804346561431885, 3.4804346561431885, 3.4804346561431885, 3.4804346561431885, 3.4804346561431885, 3.4804346561431885, 3.4804346561431885, 3.4804346561431885, 3.4804346561431885, 3.4804346561431885, 3.4804346561431885, 3.4804346561431885, 3.4804346561431885, 3.4804346561431885, 3.4804346561431885, 3.4804346561431885, 3.4804346561431885, 3.4804346561431885, 3.4804346561431885, 3.4804346561431885, 3.4804346561431885], [5.525361061096191, 5.400274276733398, 5.2261834144592285, 4.651436805725098, 0.0, 4.304306983947754, 4.155844211578369, 2.738790988922119, 2.738790988922119, 2.738790988922119, 2.738790988922119, 2.738790988922119, 2.738790988922119, 2.738790988922119, 2.738790988922119, 2.738790988922119, 2.738790988922119, 2.738790988922119, 2.738790988922119, 2.738790988922119, 2.738790988922119, 2.738790988922119, 2.738790988922119, 2.738790988922119, 2.738790988922119, 2.738790988922119, 2.738790988922119, 2.738790988922119, 2.738790988922119, 2.738790988922119, 2.738790988922119], [7.264915943145752, 5.903137683868408, 7.249050617218018, 6.948694705963135, 4.304306983947754, 0.0, 4.659658432006836, 3.7467050552368164, 3.7467050552368164, 3.7467050552368164, 3.7467050552368164, 3.7467050552368164, 3.7467050552368164, 3.7467050552368164, 3.7467050552368164, 3.7467050552368164, 3.7467050552368164, 3.7467050552368164, 3.7467050552368164, 3.7467050552368164, 3.7467050552368164, 3.7467050552368164, 3.7467050552368164, 3.7467050552368164, 3.7467050552368164, 3.7467050552368164, 3.7467050552368164, 3.7467050552368164, 3.7467050552368164, 3.7467050552368164, 3.7467050552368164], [3.5438232421875, 3.838252067565918, 5.275895118713379, 4.874215126037598, 4.155844211578369, 4.659658432006836, 0.0, 2.753430128097534, 2.753430128097534, 2.753430128097534, 2.753430128097534, 2.753430128097534, 2.753430128097534, 2.753430128097534, 2.753430128097534, 2.753430128097534, 2.753430128097534, 2.753430128097534, 2.753430128097534, 2.753430128097534, 2.753430128097534, 2.753430128097534, 2.753430128097534, 2.753430128097534, 2.753430128097534, 2.753430128097534, 2.753430128097534, 2.753430128097534, 2.753430128097534, 2.753430128097534, 2.753430128097534], [3.8710036277770996, 3.0626587867736816, 3.356818914413452, 3.4804346561431885, 2.738790988922119, 3.7467050552368164, 2.753430128097534, 0.0, 0.0, 0.0, 0.0, 0.0, 0.0, 0.0, 0.0, 0.0, 0.0, 0.0, 0.0, 0.0, 0.0, 0.0, 0.0, 0.0, 0.0, 0.0, 0.0, 0.0, 0.0, 0.0, 0.0], [3.8710036277770996, 3.0626587867736816, 3.356818914413452, 3.4804346561431885, 2.738790988922119, 3.7467050552368164, 2.753430128097534, 0.0, 0.0, 0.0, 0.0, 0.0, 0.0, 0.0, 0.0, 0.0, 0.0, 0.0, 0.0, 0.0, 0.0, 0.0, 0.0, 0.0, 0.0, 0.0, 0.0, 0.0, 0.0, 0.0, 0.0], [3.8710036277770996, 3.0626587867736816, 3.356818914413452, 3.4804346561431885, 2.738790988922119, 3.7467050552368164, 2.753430128097534, 0.0, 0.0, 0.0, 0.0, 0.0, 0.0, 0.0, 0.0, 0.0, 0.0, 0.0, 0.0, 0.0, 0.0, 0.0, 0.0, 0.0, 0.0, 0.0, 0.0, 0.0, 0.0, 0.0, 0.0], [3.8710036277770996, 3.0626587867736816, 3.356818914413452, 3.4804346561431885, 2.738790988922119, 3.7467050552368164, 2.753430128097534, 0.0, 0.0, 0.0, 0.0, 0.0, 0.0, 0.0, 0.0, 0.0, 0.0, 0.0, 0.0, 0.0, 0.0, 0.0, 0.0, 0.0, 0.0, 0.0, 0.0, 0.0, 0.0, 0.0, 0.0], [3.8710036277770996, 3.0626587867736816, 3.356818914413452, 3.4804346561431885, 2.738790988922119, 3.7467050552368164, 2.753430128097534, 0.0, 0.0, 0.0, 0.0, 0.0, 0.0, 0.0, 0.0, 0.0, 0.0, 0.0, 0.0, 0.0, 0.0, 0.0, 0.0, 0.0, 0.0, 0.0, 0.0, 0.0, 0.0, 0.0, 0.0], [3.8710036277770996, 3.0626587867736816, 3.356818914413452, 3.4804346561431885, 2.738790988922119, 3.7467050552368164, 2.753430128097534, 0.0, 0.0, 0.0, 0.0, 0.0, 0.0, 0.0, 0.0, 0.0, 0.0, 0.0, 0.0, 0.0, 0.0, 0.0, 0.0, 0.0, 0.0, 0.0, 0.0, 0.0, 0.0, 0.0, 0.0], [3.8710036277770996, 3.0626587867736816, 3.356818914413452, 3.4804346561431885, 2.738790988922119, 3.7467050552368164, 2.753430128097534, 0.0, 0.0, 0.0, 0.0, 0.0, 0.0, 0.0, 0.0, 0.0, 0.0, 0.0, 0.0, 0.0, 0.0, 0.0, 0.0, 0.0, 0.0, 0.0, 0.0, 0.0, 0.0, 0.0, 0.0], [3.8710036277770996, 3.0626587867736816, 3.356818914413452, 3.4804346561431885, 2.738790988922119, 3.7467050552368164, 2.753430128097534, 0.0, 0.0, 0.0, 0.0, 0.0, 0.0, 0.0, 0.0, 0.0, 0.0, 0.0, 0.0, 0.0, 0.0, 0.0, 0.0, 0.0, 0.0, 0.0, 0.0, 0.0, 0.0, 0.0, 0.0], [3.8710036277770996, 3.0626587867736816, 3.356818914413452, 3.4804346561431885, 2.738790988922119, 3.7467050552368164, 2.753430128097534, 0.0, 0.0, 0.0, 0.0, 0.0, 0.0, 0.0, 0.0, 0.0, 0.0, 0.0, 0.0, 0.0, 0.0, 0.0, 0.0, 0.0, 0.0, 0.0, 0.0, 0.0, 0.0, 0.0, 0.0], [3.8710036277770996, 3.0626587867736816, 3.356818914413452, 3.4804346561431885, 2.738790988922119, 3.7467050552368164, 2.753430128097534, 0.0, 0.0, 0.0, 0.0, 0.0, 0.0, 0.0, 0.0, 0.0, 0.0, 0.0, 0.0, 0.0, 0.0, 0.0, 0.0, 0.0, 0.0, 0.0, 0.0, 0.0, 0.0, 0.0, 0.0], [3.8710036277770996, 3.0626587867736816, 3.356818914413452, 3.4804346561431885, 2.738790988922119, 3.7467050552368164, 2.753430128097534, 0.0, 0.0, 0.0, 0.0, 0.0, 0.0, 0.0, 0.0, 0.0, 0.0, 0.0, 0.0, 0.0, 0.0, 0.0, 0.0, 0.0, 0.0, 0.0, 0.0, 0.0, 0.0, 0.0, 0.0], [3.8710036277770996, 3.0626587867736816, 3.356818914413452, 3.4804346561431885, 2.738790988922119, 3.7467050552368164, 2.753430128097534, 0.0, 0.0, 0.0, 0.0, 0.0, 0.0, 0.0, 0.0, 0.0, 0.0, 0.0, 0.0, 0.0, 0.0, 0.0, 0.0, 0.0, 0.0, 0.0, 0.0, 0.0, 0.0, 0.0, 0.0], [3.8710036277770996, 3.0626587867736816, 3.356818914413452, 3.4804346561431885, 2.738790988922119, 3.7467050552368164, 2.753430128097534, 0.0, 0.0, 0.0, 0.0, 0.0, 0.0, 0.0, 0.0, 0.0, 0.0, 0.0, 0.0, 0.0, 0.0, 0.0, 0.0, 0.0, 0.0, 0.0, 0.0, 0.0, 0.0, 0.0, 0.0], [3.8710036277770996, 3.0626587867736816, 3.356818914413452, 3.4804346561431885, 2.738790988922119, 3.7467050552368164, 2.753430128097534, 0.0, 0.0, 0.0, 0.0, 0.0, 0.0, 0.0, 0.0, 0.0, 0.0, 0.0, 0.0, 0.0, 0.0, 0.0, 0.0, 0.0, 0.0, 0.0, 0.0, 0.0, 0.0, 0.0, 0.0], [3.8710036277770996, 3.0626587867736816, 3.356818914413452, 3.4804346561431885, 2.738790988922119, 3.7467050552368164, 2.753430128097534, 0.0, 0.0, 0.0, 0.0, 0.0, 0.0, 0.0, 0.0, 0.0, 0.0, 0.0, 0.0, 0.0, 0.0, 0.0, 0.0, 0.0, 0.0, 0.0, 0.0, 0.0, 0.0, 0.0, 0.0], [3.8710036277770996, 3.0626587867736816, 3.356818914413452, 3.4804346561431885, 2.738790988922119, 3.7467050552368164, 2.753430128097534, 0.0, 0.0, 0.0, 0.0, 0.0, 0.0, 0.0, 0.0, 0.0, 0.0, 0.0, 0.0, 0.0, 0.0, 0.0, 0.0, 0.0, 0.0, 0.0, 0.0, 0.0, 0.0, 0.0, 0.0], [3.8710036277770996, 3.0626587867736816, 3.356818914413452, 3.4804346561431885, 2.738790988922119, 3.7467050552368164, 2.753430128097534, 0.0, 0.0, 0.0, 0.0, 0.0, 0.0, 0.0, 0.0, 0.0, 0.0, 0.0, 0.0, 0.0, 0.0, 0.0, 0.0, 0.0, 0.0, 0.0, 0.0, 0.0, 0.0, 0.0, 0.0], [3.8710036277770996, 3.0626587867736816, 3.356818914413452, 3.4804346561431885, 2.738790988922119, 3.7467050552368164, 2.753430128097534, 0.0, 0.0, 0.0, 0.0, 0.0, 0.0, 0.0, 0.0, 0.0, 0.0, 0.0, 0.0, 0.0, 0.0, 0.0, 0.0, 0.0, 0.0, 0.0, 0.0, 0.0, 0.0, 0.0, 0.0], [3.8710036277770996, 3.0626587867736816, 3.356818914413452, 3.4804346561431885, 2.738790988922119, 3.7467050552368164, 2.753430128097534, 0.0, 0.0, 0.0, 0.0, 0.0, 0.0, 0.0, 0.0, 0.0, 0.0, 0.0, 0.0, 0.0, 0.0, 0.0, 0.0, 0.0, 0.0, 0.0, 0.0, 0.0, 0.0, 0.0, 0.0], [3.8710036277770996, 3.0626587867736816, 3.356818914413452, 3.4804346561431885, 2.738790988922119, 3.7467050552368164, 2.753430128097534, 0.0, 0.0, 0.0, 0.0, 0.0, 0.0, 0.0, 0.0, 0.0, 0.0, 0.0, 0.0, 0.0, 0.0, 0.0, 0.0, 0.0, 0.0, 0.0, 0.0, 0.0, 0.0, 0.0, 0.0], [3.8710036277770996, 3.0626587867736816, 3.356818914413452, 3.4804346561431885, 2.738790988922119, 3.7467050552368164, 2.753430128097534, 0.0, 0.0, 0.0, 0.0, 0.0, 0.0, 0.0, 0.0, 0.0, 0.0, 0.0, 0.0, 0.0, 0.0, 0.0, 0.0, 0.0, 0.0, 0.0, 0.0, 0.0, 0.0, 0.0, 0.0], [3.8710036277770996, 3.0626587867736816, 3.356818914413452, 3.4804346561431885, 2.738790988922119, 3.7467050552368164, 2.753430128097534, 0.0, 0.0, 0.0, 0.0, 0.0, 0.0, 0.0, 0.0, 0.0, 0.0, 0.0, 0.0, 0.0, 0.0, 0.0, 0.0, 0.0, 0.0, 0.0, 0.0, 0.0, 0.0, 0.0, 0.0], [3.8710036277770996, 3.0626587867736816, 3.356818914413452, 3.4804346561431885, 2.738790988922119, 3.7467050552368164, 2.753430128097534, 0.0, 0.0, 0.0, 0.0, 0.0, 0.0, 0.0, 0.0, 0.0, 0.0, 0.0, 0.0, 0.0, 0.0, 0.0, 0.0, 0.0, 0.0, 0.0, 0.0, 0.0, 0.0, 0.0, 0.0], [3.8710036277770996, 3.0626587867736816, 3.356818914413452, 3.4804346561431885, 2.738790988922119, 3.7467050552368164, 2.753430128097534, 0.0, 0.0, 0.0, 0.0, 0.0, 0.0, 0.0, 0.0, 0.0, 0.0, 0.0, 0.0, 0.0, 0.0, 0.0, 0.0, 0.0, 0.0, 0.0, 0.0, 0.0, 0.0, 0.0, 0.0]], [[0.0, 5.625245094299316, 5.755954265594482, 6.900662899017334, 6.225706100463867, 6.69846773147583, 6.498812675476074, 7.483335971832275, 8.312215805053711, 7.082281589508057, 6.516281604766846, 5.7357025146484375, 7.845905303955078, 5.972471714019775, 6.501739501953125, 7.642492771148682, 6.8184332847595215, 7.5769429206848145, 4.743812084197998, 4.202397346496582, 4.202397346496582, 4.202397346496582, 4.202397346496582, 4.202397346496582, 4.202397346496582, 4.202397346496582, 4.202397346496582, 4.202397346496582, 4.202397346496582, 4.202397346496582, 4.202397346496582], [5.625245094299316, 0.0, 4.466695308685303, 5.275679588317871, 6.048969268798828, 4.916973114013672, 7.462708950042725, 6.272386074066162, 7.5804338455200195, 7.7261247634887695, 6.217362403869629, 6.428224563598633, 7.101578235626221, 6.27134895324707, 8.016736030578613, 6.1410417556762695, 8.029268264770508, 6.281284332275391, 4.165247440338135, 3.5085158348083496, 3.5085158348083496, 3.5085158348083496, 3.5085158348083496, 3.5085158348083496, 3.5085158348083496, 3.5085158348083496, 3.5085158348083496, 3.5085158348083496, 3.5085158348083496, 3.5085158348083496, 3.5085158348083496], [5.755954265594482, 4.466695308685303, 0.0, 5.469447612762451, 5.577975749969482, 5.7338762283325195, 6.959743022918701, 6.1724653244018555, 7.806976795196533, 7.923505783081055, 6.785526275634766, 4.530996322631836, 7.766304016113281, 6.7341508865356445, 7.854570388793945, 7.192689418792725, 9.198509216308594, 7.01723575592041, 5.518749237060547, 4.243377208709717, 4.243377208709717, 4.243377208709717, 4.243377208709717, 4.243377208709717, 4.243377208709717, 4.243377208709717, 4.243377208709717, 4.243377208709717, 4.243377208709717, 4.243377208709717, 4.243377208709717], [6.900662899017334, 5.275679588317871, 5.469447612762451, 0.0, 5.593740463256836, 6.036009311676025, 7.10371732711792, 7.056545734405518, 8.515413284301758, 7.270084857940674, 6.623063564300537, 6.247328281402588, 7.73852014541626, 7.10557746887207, 7.8915863037109375, 7.534273147583008, 9.136198997497559, 8.722124099731445, 5.612873554229736, 4.64610481262207, 4.64610481262207, 4.64610481262207, 4.64610481262207, 4.64610481262207, 4.64610481262207, 4.64610481262207, 4.64610481262207, 4.64610481262207, 4.64610481262207, 4.64610481262207, 4.64610481262207], [6.225706100463867, 6.048969268798828, 5.577975749969482, 5.593740463256836, 0.0, 5.739845275878906, 5.619476795196533, 5.804107666015625, 6.983465194702148, 7.235134124755859, 7.26503849029541, 5.78182315826416, 7.32353401184082, 6.000412940979004, 7.27985954284668, 6.917719841003418, 8.260712623596191, 8.30005168914795, 5.113561153411865, 4.1717448234558105, 4.1717448234558105, 4.1717448234558105, 4.1717448234558105, 4.1717448234558105, 4.1717448234558105, 4.1717448234558105, 4.1717448234558105, 4.1717448234558105, 4.1717448234558105, 4.1717448234558105, 4.1717448234558105], [6.69846773147583, 4.916973114013672, 5.7338762283325195, 6.036009311676025, 5.739845275878906, 0.0, 5.795985221862793, 5.159865379333496, 6.1547956466674805, 7.282500743865967, 5.2225189208984375, 5.938536167144775, 6.237988471984863, 5.4739155769348145, 6.128545761108398, 6.393853187561035, 8.722167015075684, 7.019946098327637, 4.332056522369385, 3.02425479888916, 3.02425479888916, 3.02425479888916, 3.02425479888916, 3.02425479888916, 3.02425479888916, 3.02425479888916, 3.02425479888916, 3.02425479888916, 3.02425479888916, 3.02425479888916, 3.02425479888916], [6.498812675476074, 7.462708950042725, 6.959743022918701, 7.10371732711792, 5.619476795196533, 5.795985221862793, 0.0, 4.419303894042969, 6.7888383865356445, 7.505880355834961, 5.73766565322876, 5.568580627441406, 6.787487983703613, 6.670861721038818, 6.822491645812988, 6.79226541519165, 9.042618751525879, 7.647077560424805, 5.6433491706848145, 4.465432643890381, 4.465432643890381, 4.465432643890381, 4.465432643890381, 4.465432643890381, 4.465432643890381, 4.465432643890381, 4.465432643890381, 4.465432643890381, 4.465432643890381, 4.465432643890381, 4.465432643890381], [7.483335971832275, 6.272386074066162, 6.1724653244018555, 7.056545734405518, 5.804107666015625, 5.159865379333496, 4.419303894042969, 0.0, 5.72467041015625, 7.038576126098633, 5.6660990715026855, 4.521020889282227, 6.127474308013916, 5.4535417556762695, 6.652674198150635, 6.892016410827637, 8.209705352783203, 7.269862174987793, 4.7023115158081055, 3.1819770336151123, 3.1819770336151123, 3.1819770336151123, 3.1819770336151123, 3.1819770336151123, 3.1819770336151123, 3.1819770336151123, 3.1819770336151123, 3.1819770336151123, 3.1819770336151123, 3.1819770336151123, 3.1819770336151123], [8.312215805053711, 7.5804338455200195, 7.806976795196533, 8.515413284301758, 6.983465194702148, 6.1547956466674805, 6.7888383865356445, 5.72467041015625, 0.0, 5.048678398132324, 6.190171241760254, 5.952990531921387, 5.584014892578125, 5.083804130554199, 6.394988059997559, 5.791013717651367, 8.124764442443848, 7.3402910232543945, 5.200495719909668, 3.8020308017730713, 3.8020308017730713, 3.8020308017730713, 3.8020308017730713, 3.8020308017730713, 3.8020308017730713, 3.8020308017730713, 3.8020308017730713, 3.8020308017730713, 3.8020308017730713, 3.8020308017730713, 3.8020308017730713], [7.082281589508057, 7.7261247634887695, 7.923505783081055, 7.270084857940674, 7.235134124755859, 7.282500743865967, 7.505880355834961, 7.038576126098633, 5.048678398132324, 0.0, 4.879822731018066, 5.436785697937012, 6.938331604003906, 6.608726501464844, 6.5420989990234375, 7.479187965393066, 7.471961975097656, 7.255712509155273, 4.994082927703857, 4.194228172302246, 4.194228172302246, 4.194228172302246, 4.194228172302246, 4.194228172302246, 4.194228172302246, 4.194228172302246, 4.194228172302246, 4.194228172302246, 4.194228172302246, 4.194228172302246, 4.194228172302246], [6.516281604766846, 6.217362403869629, 6.785526275634766, 6.623063564300537, 7.26503849029541, 5.2225189208984375, 5.73766565322876, 5.6660990715026855, 6.190171241760254, 4.879822731018066, 0.0, 3.797971725463867, 5.948260307312012, 5.740285873413086, 6.40364933013916, 6.242977142333984, 6.413860321044922, 5.982083320617676, 4.124799728393555, 3.6578786373138428, 3.6578786373138428, 3.6578786373138428, 3.6578786373138428, 3.6578786373138428, 3.6578786373138428, 3.6578786373138428, 3.6578786373138428, 3.6578786373138428, 3.6578786373138428, 3.6578786373138428, 3.6578786373138428], [5.7357025146484375, 6.428224563598633, 4.530996322631836, 6.247328281402588, 5.78182315826416, 5.938536167144775, 5.568580627441406, 4.521020889282227, 5.952990531921387, 5.436785697937012, 3.797971725463867, 0.0, 5.0368499755859375, 4.311659812927246, 4.702000617980957, 4.761420249938965, 5.559058666229248, 5.334802150726318, 4.6727070808410645, 2.688685894012451, 2.688685894012451, 2.688685894012451, 2.688685894012451, 2.688685894012451, 2.688685894012451, 2.688685894012451, 2.688685894012451, 2.688685894012451, 2.688685894012451, 2.688685894012451, 2.688685894012451], [7.845905303955078, 7.101578235626221, 7.766304016113281, 7.73852014541626, 7.32353401184082, 6.237988471984863, 6.787487983703613, 6.127474308013916, 5.584014892578125, 6.938331604003906, 5.948260307312012, 5.0368499755859375, 0.0, 3.988002300262451, 5.678415298461914, 5.5935564041137695, 7.414862632751465, 6.108902931213379, 5.2417497634887695, 3.4488918781280518, 3.4488918781280518, 3.4488918781280518, 3.4488918781280518, 3.4488918781280518, 3.4488918781280518, 3.4488918781280518, 3.4488918781280518, 3.4488918781280518, 3.4488918781280518, 3.4488918781280518, 3.4488918781280518], [5.972471714019775, 6.27134895324707, 6.7341508865356445, 7.10557746887207, 6.000412940979004, 5.4739155769348145, 6.670861721038818, 5.4535417556762695, 5.083804130554199, 6.608726501464844, 5.740285873413086, 4.311659812927246, 3.988002300262451, 0.0, 4.31212043762207, 4.646695613861084, 7.128054618835449, 5.83290433883667, 5.047293663024902, 2.721235513687134, 2.721235513687134, 2.721235513687134, 2.721235513687134, 2.721235513687134, 2.721235513687134, 2.721235513687134, 2.721235513687134, 2.721235513687134, 2.721235513687134, 2.721235513687134, 2.721235513687134], [6.501739501953125, 8.016736030578613, 7.854570388793945, 7.8915863037109375, 7.27985954284668, 6.128545761108398, 6.822491645812988, 6.652674198150635, 6.394988059997559, 6.5420989990234375, 6.40364933013916, 4.702000617980957, 5.678415298461914, 4.31212043762207, 0.0, 3.0698370933532715, 5.432680130004883, 4.7921624183654785, 5.42249059677124, 3.173491954803467, 3.173491954803467, 3.173491954803467, 3.173491954803467, 3.173491954803467, 3.173491954803467, 3.173491954803467, 3.173491954803467, 3.173491954803467, 3.173491954803467, 3.173491954803467, 3.173491954803467], [7.642492771148682, 6.1410417556762695, 7.192689418792725, 7.534273147583008, 6.917719841003418, 6.393853187561035, 6.79226541519165, 6.892016410827637, 5.791013717651367, 7.479187965393066, 6.242977142333984, 4.761420249938965, 5.5935564041137695, 4.646695613861084, 3.0698370933532715, 0.0, 5.133840560913086, 4.108034133911133, 4.92316198348999, 3.0651183128356934, 3.0651183128356934, 3.0651183128356934, 3.0651183128356934, 3.0651183128356934, 3.0651183128356934, 3.0651183128356934, 3.0651183128356934, 3.0651183128356934, 3.0651183128356934, 3.0651183128356934, 3.0651183128356934], [6.8184332847595215, 8.029268264770508, 9.198509216308594, 9.136198997497559, 8.260712623596191, 8.722167015075684, 9.042618751525879, 8.209705352783203, 8.124764442443848, 7.471961975097656, 6.413860321044922, 5.559058666229248, 7.414862632751465, 7.128054618835449, 5.432680130004883, 5.133840560913086, 0.0, 5.762732982635498, 5.772332668304443, 5.171322822570801, 5.171322822570801, 5.171322822570801, 5.171322822570801, 5.171322822570801, 5.171322822570801, 5.171322822570801, 5.171322822570801, 5.171322822570801, 5.171322822570801, 5.171322822570801, 5.171322822570801], [7.5769429206848145, 6.281284332275391, 7.01723575592041, 8.722124099731445, 8.30005168914795, 7.019946098327637, 7.647077560424805, 7.269862174987793, 7.3402910232543945, 7.255712509155273, 5.982083320617676, 5.334802150726318, 6.108902931213379, 5.83290433883667, 4.7921624183654785, 4.108034133911133, 5.762732982635498, 0.0, 4.580873966217041, 3.6018314361572266, 3.6018314361572266, 3.6018314361572266, 3.6018314361572266, 3.6018314361572266, 3.6018314361572266, 3.6018314361572266, 3.6018314361572266, 3.6018314361572266, 3.6018314361572266, 3.6018314361572266, 3.6018314361572266], [4.743812084197998, 4.165247440338135, 5.518749237060547, 5.612873554229736, 5.113561153411865, 4.332056522369385, 5.6433491706848145, 4.7023115158081055, 5.200495719909668, 4.994082927703857, 4.124799728393555, 4.6727070808410645, 5.2417497634887695, 5.047293663024902, 5.42249059677124, 4.92316198348999, 5.772332668304443, 4.580873966217041, 0.0, 1.9012458324432373, 1.9012458324432373, 1.9012458324432373, 1.9012458324432373, 1.9012458324432373, 1.9012458324432373, 1.9012458324432373, 1.9012458324432373, 1.9012458324432373, 1.9012458324432373, 1.9012458324432373, 1.9012458324432373], [4.202397346496582, 3.5085158348083496, 4.243377208709717, 4.64610481262207, 4.1717448234558105, 3.02425479888916, 4.465432643890381, 3.1819770336151123, 3.8020308017730713, 4.194228172302246, 3.6578786373138428, 2.688685894012451, 3.4488918781280518, 2.721235513687134, 3.173491954803467, 3.0651183128356934, 5.171322822570801, 3.6018314361572266, 1.9012458324432373, 0.0, 0.0, 0.0, 0.0, 0.0, 0.0, 0.0, 0.0, 0.0, 0.0, 0.0, 0.0], [4.202397346496582, 3.5085158348083496, 4.243377208709717, 4.64610481262207, 4.1717448234558105, 3.02425479888916, 4.465432643890381, 3.1819770336151123, 3.8020308017730713, 4.194228172302246, 3.6578786373138428, 2.688685894012451, 3.4488918781280518, 2.721235513687134, 3.173491954803467, 3.0651183128356934, 5.171322822570801, 3.6018314361572266, 1.9012458324432373, 0.0, 0.0, 0.0, 0.0, 0.0, 0.0, 0.0, 0.0, 0.0, 0.0, 0.0, 0.0], [4.202397346496582, 3.5085158348083496, 4.243377208709717, 4.64610481262207, 4.1717448234558105, 3.02425479888916, 4.465432643890381, 3.1819770336151123, 3.8020308017730713, 4.194228172302246, 3.6578786373138428, 2.688685894012451, 3.4488918781280518, 2.721235513687134, 3.173491954803467, 3.0651183128356934, 5.171322822570801, 3.6018314361572266, 1.9012458324432373, 0.0, 0.0, 0.0, 0.0, 0.0, 0.0, 0.0, 0.0, 0.0, 0.0, 0.0, 0.0], [4.202397346496582, 3.5085158348083496, 4.243377208709717, 4.64610481262207, 4.1717448234558105, 3.02425479888916, 4.465432643890381, 3.1819770336151123, 3.8020308017730713, 4.194228172302246, 3.6578786373138428, 2.688685894012451, 3.4488918781280518, 2.721235513687134, 3.173491954803467, 3.0651183128356934, 5.171322822570801, 3.6018314361572266, 1.9012458324432373, 0.0, 0.0, 0.0, 0.0, 0.0, 0.0, 0.0, 0.0, 0.0, 0.0, 0.0, 0.0], [4.202397346496582, 3.5085158348083496, 4.243377208709717, 4.64610481262207, 4.1717448234558105, 3.02425479888916, 4.465432643890381, 3.1819770336151123, 3.8020308017730713, 4.194228172302246, 3.6578786373138428, 2.688685894012451, 3.4488918781280518, 2.721235513687134, 3.173491954803467, 3.0651183128356934, 5.171322822570801, 3.6018314361572266, 1.9012458324432373, 0.0, 0.0, 0.0, 0.0, 0.0, 0.0, 0.0, 0.0, 0.0, 0.0, 0.0, 0.0], [4.202397346496582, 3.5085158348083496, 4.243377208709717, 4.64610481262207, 4.1717448234558105, 3.02425479888916, 4.465432643890381, 3.1819770336151123, 3.8020308017730713, 4.194228172302246, 3.6578786373138428, 2.688685894012451, 3.4488918781280518, 2.721235513687134, 3.173491954803467, 3.0651183128356934, 5.171322822570801, 3.6018314361572266, 1.9012458324432373, 0.0, 0.0, 0.0, 0.0, 0.0, 0.0, 0.0, 0.0, 0.0, 0.0, 0.0, 0.0], [4.202397346496582, 3.5085158348083496, 4.243377208709717, 4.64610481262207, 4.1717448234558105, 3.02425479888916, 4.465432643890381, 3.1819770336151123, 3.8020308017730713, 4.194228172302246, 3.6578786373138428, 2.688685894012451, 3.4488918781280518, 2.721235513687134, 3.173491954803467, 3.0651183128356934, 5.171322822570801, 3.6018314361572266, 1.9012458324432373, 0.0, 0.0, 0.0, 0.0, 0.0, 0.0, 0.0, 0.0, 0.0, 0.0, 0.0, 0.0], [4.202397346496582, 3.5085158348083496, 4.243377208709717, 4.64610481262207, 4.1717448234558105, 3.02425479888916, 4.465432643890381, 3.1819770336151123, 3.8020308017730713, 4.194228172302246, 3.6578786373138428, 2.688685894012451, 3.4488918781280518, 2.721235513687134, 3.173491954803467, 3.0651183128356934, 5.171322822570801, 3.6018314361572266, 1.9012458324432373, 0.0, 0.0, 0.0, 0.0, 0.0, 0.0, 0.0, 0.0, 0.0, 0.0, 0.0, 0.0], [4.202397346496582, 3.5085158348083496, 4.243377208709717, 4.64610481262207, 4.1717448234558105, 3.02425479888916, 4.465432643890381, 3.1819770336151123, 3.8020308017730713, 4.194228172302246, 3.6578786373138428, 2.688685894012451, 3.4488918781280518, 2.721235513687134, 3.173491954803467, 3.0651183128356934, 5.171322822570801, 3.6018314361572266, 1.9012458324432373, 0.0, 0.0, 0.0, 0.0, 0.0, 0.0, 0.0, 0.0, 0.0, 0.0, 0.0, 0.0], [4.202397346496582, 3.5085158348083496, 4.243377208709717, 4.64610481262207, 4.1717448234558105, 3.02425479888916, 4.465432643890381, 3.1819770336151123, 3.8020308017730713, 4.194228172302246, 3.6578786373138428, 2.688685894012451, 3.4488918781280518, 2.721235513687134, 3.173491954803467, 3.0651183128356934, 5.171322822570801, 3.6018314361572266, 1.9012458324432373, 0.0, 0.0, 0.0, 0.0, 0.0, 0.0, 0.0, 0.0, 0.0, 0.0, 0.0, 0.0], [4.202397346496582, 3.5085158348083496, 4.243377208709717, 4.64610481262207, 4.1717448234558105, 3.02425479888916, 4.465432643890381, 3.1819770336151123, 3.8020308017730713, 4.194228172302246, 3.6578786373138428, 2.688685894012451, 3.4488918781280518, 2.721235513687134, 3.173491954803467, 3.0651183128356934, 5.171322822570801, 3.6018314361572266, 1.9012458324432373, 0.0, 0.0, 0.0, 0.0, 0.0, 0.0, 0.0, 0.0, 0.0, 0.0, 0.0, 0.0], [4.202397346496582, 3.5085158348083496, 4.243377208709717, 4.64610481262207, 4.1717448234558105, 3.02425479888916, 4.465432643890381, 3.1819770336151123, 3.8020308017730713, 4.194228172302246, 3.6578786373138428, 2.688685894012451, 3.4488918781280518, 2.721235513687134, 3.173491954803467, 3.0651183128356934, 5.171322822570801, 3.6018314361572266, 1.9012458324432373, 0.0, 0.0, 0.0, 0.0, 0.0, 0.0, 0.0, 0.0, 0.0, 0.0, 0.0, 0.0]], [[0.0, 5.315074920654297, 5.826574802398682, 5.55441427230835, 7.1068925857543945, 6.778585433959961, 7.543173789978027, 7.145552158355713, 7.516987323760986, 7.226500511169434, 6.727680683135986, 7.79302453994751, 7.879344940185547, 7.171128749847412, 7.098875045776367, 7.431762218475342, 8.14091968536377, 7.698427677154541, 8.333578109741211, 8.977584838867188, 8.563650131225586, 9.576690673828125, 9.813704490661621, 7.52336311340332, 9.062926292419434, 7.448252201080322, 5.993613243103027, 5.999553203582764, 4.082126140594482, 3.989577293395996, 3.989577293395996], [5.315074920654297, 0.0, 4.639945983886719, 5.8129754066467285, 6.837009906768799, 6.009367942810059, 7.368322372436523, 7.121262550354004, 8.689825057983398, 8.32571792602539, 9.024107933044434, 7.449987411499023, 8.781124114990234, 8.013378143310547, 6.510372638702393, 6.30457067489624, 6.936551094055176, 6.681520938873291, 7.689150810241699, 7.9395551681518555, 8.139583587646484, 8.285942077636719, 8.346105575561523, 7.344902515411377, 8.74596881866455, 7.77670955657959, 6.217076778411865, 6.265388488769531, 3.916808605194092, 4.043923854827881, 4.043923854827881], [5.826574802398682, 4.639945983886719, 0.0, 5.2585577964782715, 5.444448947906494, 6.4003682136535645, 8.035926818847656, 8.13786792755127, 8.987954139709473, 8.901144027709961, 8.855462074279785, 6.274422645568848, 8.512542724609375, 7.202918529510498, 7.7397918701171875, 7.25040340423584, 7.65335750579834, 7.1633734703063965, 7.813065528869629, 8.171793937683105, 8.744013786315918, 7.647064208984375, 8.924805641174316, 8.404160499572754, 9.207856178283691, 8.821061134338379, 7.156539440155029, 6.610770225524902, 4.478248596191406, 4.367087364196777, 4.367087364196777], [5.55441427230835, 5.8129754066467285, 5.2585577964782715, 0.0, 4.464546203613281, 6.532340049743652, 6.3442888259887695, 7.925065994262695, 8.677671432495117, 8.364027976989746, 8.63011360168457, 6.271393775939941, 8.404060363769531, 6.718442916870117, 7.593842506408691, 7.117618083953857, 6.7598443031311035, 7.431347846984863, 8.924057006835938, 9.836817741394043, 8.103045463562012, 10.191609382629395, 9.904643058776855, 9.587061882019043, 8.811590194702148, 9.449334144592285, 7.072174549102783, 6.819170951843262, 4.2239603996276855, 4.463198661804199, 4.463198661804199], [7.1068925857543945, 6.837009906768799, 5.444448947906494, 4.464546203613281, 0.0, 5.0383172035217285, 6.353719711303711, 7.1442975997924805, 7.452548980712891, 7.748218059539795, 7.400308132171631, 5.660141944885254, 8.041243553161621, 6.518671035766602, 6.760026931762695, 6.710213661193848, 6.309362888336182, 5.988386631011963, 6.624115943908691, 7.602073669433594, 7.236194133758545, 7.709168434143066, 7.708974361419678, 8.242735862731934, 8.02369499206543, 8.121402740478516, 6.695633888244629, 6.693421840667725, 5.18446159362793, 4.186532497406006, 4.186532497406006], [6.778585433959961, 6.009367942810059, 6.4003682136535645, 6.532340049743652, 5.0383172035217285, 0.0, 4.2854719161987305, 4.101768970489502, 5.148167133331299, 5.31397819519043, 5.991656303405762, 5.1778950691223145, 6.5108537673950195, 6.602331161499023, 5.39713191986084, 4.720224857330322, 5.577064037322998, 5.118594169616699, 5.635319709777832, 5.984707832336426, 6.324715614318848, 6.098940849304199, 7.623172760009766, 6.380245208740234, 8.181097984313965, 6.369356155395508, 6.03955078125, 5.831707954406738, 4.870420455932617, 3.1082324981689453, 3.1082324981689453], [7.543173789978027, 7.368322372436523, 8.035926818847656, 6.3442888259887695, 6.353719711303711, 4.2854719161987305, 0.0, 3.5700669288635254, 5.4745659828186035, 5.49051570892334, 7.067213535308838, 6.155786991119385, 6.053040981292725, 6.45781946182251, 5.452895164489746, 5.72159481048584, 6.754620552062988, 6.842924118041992, 7.083911895751953, 7.909293174743652, 7.0947771072387695, 7.082631587982178, 9.138590812683105, 7.725152015686035, 8.031010627746582, 9.016895294189453, 7.391933441162109, 7.7787675857543945, 6.277517318725586, 3.8447647094726562, 3.8447647094726562], [7.145552158355713, 7.121262550354004, 8.13786792755127, 7.925065994262695, 7.1442975997924805, 4.101768970489502, 3.5700669288635254, 0.0, 4.379421234130859, 4.613349914550781, 5.051614761352539, 5.461440086364746, 6.5063958168029785, 6.266931533813477, 4.977644920349121, 5.012405872344971, 6.4611005783081055, 6.051440715789795, 5.867616653442383, 6.391448020935059, 6.459466934204102, 6.298308372497559, 8.307416915893555, 5.506059646606445, 6.9870100021362305, 6.681728363037109, 6.835475921630859, 6.148151874542236, 5.709704399108887, 3.4847919940948486, 3.4847919940948486], [7.516987323760986, 8.689825057983398, 8.987954139709473, 8.677671432495117, 7.452548980712891, 5.148167133331299, 5.4745659828186035, 4.379421234130859, 0.0, 4.797255039215088, 6.061038494110107, 5.494964599609375, 7.286961555480957, 7.094456195831299, 6.621922492980957, 6.7555389404296875, 7.207479000091553, 6.959994316101074, 6.179344654083252, 8.42800521850586, 6.989192008972168, 6.670607089996338, 8.48692512512207, 7.003260135650635, 8.8422269821167, 7.190088272094727, 9.094498634338379, 7.381119728088379, 7.035614967346191, 5.125016212463379, 5.125016212463379], [7.226500511169434, 8.32571792602539, 8.901144027709961, 8.364027976989746, 7.748218059539795, 5.31397819519043, 5.49051570892334, 4.613349914550781, 4.797255039215088, 0.0, 4.54335880279541, 5.249838829040527, 6.508426189422607, 5.230481147766113, 6.2565178871154785, 6.964224338531494, 7.763179779052734, 8.072049140930176, 7.787998199462891, 8.792641639709473, 8.447371482849121, 8.123376846313477, 10.34598159790039, 7.584772109985352, 10.030202865600586, 9.706202507019043, 8.746562957763672, 8.418546676635742, 6.1321702003479, 4.4938483238220215, 4.4938483238220215], [6.727680683135986, 9.024107933044434, 8.855462074279785, 8.63011360168457, 7.400308132171631, 5.991656303405762, 7.067213535308838, 5.051614761352539, 6.061038494110107, 4.54335880279541, 0.0, 4.728827953338623, 5.3504638671875, 5.63330078125, 5.175230026245117, 6.0474653244018555, 7.2811174392700195, 6.961027145385742, 6.719824314117432, 7.007660865783691, 7.8745808601379395, 7.288937091827393, 9.770451545715332, 6.552268981933594, 7.993163108825684, 7.197549343109131, 6.768531799316406, 6.836731433868408, 5.6762919425964355, 4.2982635498046875, 4.2982635498046875], [7.79302453994751, 7.449987411499023, 6.274422645568848, 6.271393775939941, 5.660141944885254, 5.1778950691223145, 6.155786991119385, 5.461440086364746, 5.494964599609375, 5.249838829040527, 4.728827953338623, 0.0, 5.580330848693848, 5.117020130157471, 4.336935043334961, 4.407979965209961, 5.5372843742370605, 5.848968029022217, 5.7671098709106445, 6.441822052001953, 5.685194969177246, 5.678851127624512, 7.680197715759277, 7.282379627227783, 7.7760138511657715, 7.572164535522461, 7.0669403076171875, 6.741366386413574, 4.297354698181152, 3.079772710800171, 3.079772710800171], [7.879344940185547, 8.781124114990234, 8.512542724609375, 8.404060363769531, 8.041243553161621, 6.5108537673950195, 6.053040981292725, 6.5063958168029785, 7.286961555480957, 6.508426189422607, 5.3504638671875, 5.580330848693848, 0.0, 4.631756782531738, 4.967415809631348, 5.5719170570373535, 6.340821266174316, 6.318404674530029, 6.463752746582031, 6.112968444824219, 6.962315082550049, 6.941250324249268, 9.380406379699707, 7.996291160583496, 7.944944381713867, 7.8080291748046875, 8.51694107055664, 6.5875163078308105, 6.1498188972473145, 3.9424214363098145, 3.9424214363098145], [7.171128749847412, 8.013378143310547, 7.202918529510498, 6.718442916870117, 6.518671035766602, 6.602331161499023, 6.45781946182251, 6.266931533813477, 7.094456195831299, 5.230481147766113, 5.63330078125, 5.117020130157471, 4.631756782531738, 0.0, 4.619909286499023, 4.952882766723633, 6.161128044128418, 7.080181121826172, 6.4405670166015625, 6.6859049797058105, 7.291686534881592, 6.498631000518799, 9.11275577545166, 8.549965858459473, 8.885199546813965, 7.372495651245117, 7.461219787597656, 5.993995189666748, 5.626946449279785, 4.077099800109863, 4.077099800109863], [7.098875045776367, 6.510372638702393, 7.7397918701171875, 7.593842506408691, 6.760026931762695, 5.39713191986084, 5.452895164489746, 4.977644920349121, 6.621922492980957, 6.2565178871154785, 5.175230026245117, 4.336935043334961, 4.967415809631348, 4.619909286499023, 0.0, 2.4753458499908447, 4.068775177001953, 5.2479963302612305, 3.843071460723877, 4.400094509124756, 4.916272163391113, 4.312272548675537, 6.924214839935303, 5.897054672241211, 7.086092948913574, 7.530333995819092, 6.310978412628174, 6.413012981414795, 5.744260311126709, 3.6104447841644287, 3.6104447841644287], [7.431762218475342, 6.30457067489624, 7.25040340423584, 7.117618083953857, 6.710213661193848, 4.720224857330322, 5.72159481048584, 5.012405872344971, 6.7555389404296875, 6.964224338531494, 6.0474653244018555, 4.407979965209961, 5.5719170570373535, 4.952882766723633, 2.4753458499908447, 0.0, 3.4260363578796387, 3.4794352054595947, 3.4063992500305176, 2.761556386947632, 4.446657180786133, 3.78151273727417, 6.56558895111084, 5.664587020874023, 6.515632152557373, 6.2911810874938965, 5.968775749206543, 5.4648284912109375, 5.883513927459717, 3.5108377933502197, 3.5108377933502197], [8.14091968536377, 6.936551094055176, 7.65335750579834, 6.7598443031311035, 6.309362888336182, 5.577064037322998, 6.754620552062988, 6.4611005783081055, 7.207479000091553, 7.763179779052734, 7.2811174392700195, 5.5372843742370605, 6.340821266174316, 6.161128044128418, 4.068775177001953, 3.4260363578796387, 0.0, 4.187600612640381, 4.596932411193848, 4.963229656219482, 4.3965678215026855, 4.643028259277344, 5.3580732345581055, 5.464624881744385, 7.190193176269531, 6.080863952636719, 6.482668399810791, 5.703713417053223, 6.233733177185059, 3.7925496101379395, 3.7925496101379395], [7.698427677154541, 6.681520938873291, 7.1633734703063965, 7.431347846984863, 5.988386631011963, 5.118594169616699, 6.842924118041992, 6.051440715789795, 6.959994316101074, 8.072049140930176, 6.961027145385742, 5.848968029022217, 6.318404674530029, 7.080181121826172, 5.2479963302612305, 3.4794352054595947, 4.187600612640381, 0.0, 3.1484251022338867, 3.371162176132202, 3.9625754356384277, 5.025850296020508, 5.2664642333984375, 4.6070475578308105, 6.629697799682617, 6.162592887878418, 6.05437707901001, 5.53948974609375, 5.662288665771484, 3.565603494644165, 3.565603494644165], [8.333578109741211, 7.689150810241699, 7.813065528869629, 8.924057006835938, 6.624115943908691, 5.635319709777832, 7.083911895751953, 5.867616653442383, 6.179344654083252, 7.787998199462891, 6.719824314117432, 5.7671098709106445, 6.463752746582031, 6.4405670166015625, 3.843071460723877, 3.4063992500305176, 4.596932411193848, 3.1484251022338867, 0.0, 3.014326572418213, 3.9591329097747803, 2.879452705383301, 5.702148914337158, 4.813968181610107, 7.051473140716553, 6.672683238983154, 7.894348621368408, 6.361189842224121, 6.794487953186035, 4.330076217651367, 4.330076217651367], [8.977584838867188, 7.9395551681518555, 8.171793937683105, 9.836817741394043, 7.602073669433594, 5.984707832336426, 7.909293174743652, 6.391448020935059, 8.42800521850586, 8.792641639709473, 7.007660865783691, 6.441822052001953, 6.112968444824219, 6.6859049797058105, 4.400094509124756, 2.761556386947632, 4.963229656219482, 3.371162176132202, 3.014326572418213, 0.0, 3.481828212738037, 3.7961137294769287, 5.20883321762085, 5.092759132385254, 7.342533588409424, 6.733723163604736, 6.724981784820557, 5.834907531738281, 7.373757839202881, 4.212631702423096, 4.212631702423096], [8.563650131225586, 8.139583587646484, 8.744013786315918, 8.103045463562012, 7.236194133758545, 6.324715614318848, 7.0947771072387695, 6.459466934204102, 6.989192008972168, 8.447371482849121, 7.8745808601379395, 5.685194969177246, 6.962315082550049, 7.291686534881592, 4.916272163391113, 4.446657180786133, 4.3965678215026855, 3.9625754356384277, 3.9591329097747803, 3.481828212738037, 0.0, 4.603771686553955, 4.730167388916016, 5.402487277984619, 6.986897945404053, 6.804039001464844, 7.117932319641113, 6.399079322814941, 7.068118095397949, 4.463832855224609, 4.463832855224609], [9.576690673828125, 8.285942077636719, 7.647064208984375, 10.191609382629395, 7.709168434143066, 6.098940849304199, 7.082631587982178, 6.298308372497559, 6.670607089996338, 8.123376846313477, 7.288937091827393, 5.678851127624512, 6.941250324249268, 6.498631000518799, 4.312272548675537, 3.78151273727417, 4.643028259277344, 5.025850296020508, 2.879452705383301, 3.7961137294769287, 4.603771686553955, 0.0, 5.048401832580566, 5.116397857666016, 8.457503318786621, 7.055914878845215, 7.647845268249512, 6.841508865356445, 7.798635959625244, 4.9163923263549805, 4.9163923263549805], [9.813704490661621, 8.346105575561523, 8.924805641174316, 9.904643058776855, 7.708974361419678, 7.623172760009766, 9.138590812683105, 8.307416915893555, 8.48692512512207, 10.34598159790039, 9.770451545715332, 7.680197715759277, 9.380406379699707, 9.11275577545166, 6.924214839935303, 6.56558895111084, 5.3580732345581055, 5.2664642333984375, 5.702148914337158, 5.20883321762085, 4.730167388916016, 5.048401832580566, 0.0, 5.212455749511719, 8.850120544433594, 6.911777496337891, 8.364295959472656, 7.793435096740723, 7.988012313842773, 5.802330017089844, 5.802330017089844], [7.52336311340332, 7.344902515411377, 8.404160499572754, 9.587061882019043, 8.242735862731934, 6.380245