[[[[0.0, 3.287783145904541, 3.976433515548706, 4.024741172790527, 5.0093865394592285, 5.4811601638793945, 4.176247596740723, 2.9722726345062256, 2.9722726345062256, 2.9722726345062256, 2.9722726345062256, 2.9722726345062256, 2.9722726345062256, 2.9722726345062256, 2.9722726345062256, 2.9722726345062256, 2.9722726345062256, 2.9722726345062256, 2.9722726345062256, 2.9722726345062256, 2.9722726345062256, 2.9722726345062256, 2.9722726345062256, 2.9722726345062256, 2.9722726345062256, 2.9722726345062256, 2.9722726345062256, 2.9722726345062256, 2.9722726345062256, 2.9722726345062256, 2.9722726345062256], [3.287783145904541, 0.0, 3.302651882171631, 4.290019989013672, 4.088191032409668, 4.45335054397583, 4.253165245056152, 2.253798484802246, 2.253798484802246, 2.253798484802246, 2.253798484802246, 2.253798484802246, 2.253798484802246, 2.253798484802246, 2.253798484802246, 2.253798484802246, 2.253798484802246, 2.253798484802246, 2.253798484802246, 2.253798484802246, 2.253798484802246, 2.253798484802246, 2.253798484802246, 2.253798484802246, 2.253798484802246, 2.253798484802246, 2.253798484802246, 2.253798484802246, 2.253798484802246, 2.253798484802246, 2.253798484802246], [3.976433515548706, 3.302651882171631, 0.0, 4.294888019561768, 5.0183892250061035, 4.45035982131958, 3.803837537765503, 2.550508499145508, 2.550508499145508, 2.550508499145508, 2.550508499145508, 2.550508499145508, 2.550508499145508, 2.550508499145508, 2.550508499145508, 2.550508499145508, 2.550508499145508, 2.550508499145508, 2.550508499145508, 2.550508499145508, 2.550508499145508, 2.550508499145508, 2.550508499145508, 2.550508499145508, 2.550508499145508, 2.550508499145508, 2.550508499145508, 2.550508499145508, 2.550508499145508, 2.550508499145508, 2.550508499145508], [4.024741172790527, 4.290019989013672, 4.294888019561768, 0.0, 3.9628963470458984, 5.834136009216309, 5.4475531578063965, 3.083843469619751, 3.083843469619751, 3.083843469619751, 3.083843469619751, 3.083843469619751, 3.083843469619751, 3.083843469619751, 3.083843469619751, 3.083843469619751, 3.083843469619751, 3.083843469619751, 3.083843469619751, 3.083843469619751, 3.083843469619751, 3.083843469619751, 3.083843469619751, 3.083843469619751, 3.083843469619751, 3.083843469619751, 3.083843469619751, 3.083843469619751, 3.083843469619751, 3.083843469619751, 3.083843469619751], [5.0093865394592285, 4.088191032409668, 5.0183892250061035, 3.9628963470458984, 0.0, 4.610987663269043, 5.022519588470459, 3.0970051288604736, 3.0970051288604736, 3.0970051288604736, 3.0970051288604736, 3.0970051288604736, 3.0970051288604736, 3.0970051288604736, 3.0970051288604736, 3.0970051288604736, 3.0970051288604736, 3.0970051288604736, 3.0970051288604736, 3.0970051288604736, 3.0970051288604736, 3.0970051288604736, 3.0970051288604736, 3.0970051288604736, 3.0970051288604736, 3.0970051288604736, 3.0970051288604736, 3.0970051288604736, 3.0970051288604736, 3.0970051288604736, 3.0970051288604736], [5.4811601638793945, 4.45335054397583, 4.45035982131958, 5.834136009216309, 4.610987663269043, 0.0, 5.559064865112305, 3.100048542022705, 3.100048542022705, 3.100048542022705, 3.100048542022705, 3.100048542022705, 3.100048542022705, 3.100048542022705, 3.100048542022705, 3.100048542022705, 3.100048542022705, 3.100048542022705, 3.100048542022705, 3.100048542022705, 3.100048542022705, 3.100048542022705, 3.100048542022705, 3.100048542022705, 3.100048542022705, 3.100048542022705, 3.100048542022705, 3.100048542022705, 3.100048542022705, 3.100048542022705, 3.100048542022705], [4.176247596740723, 4.253165245056152, 3.803837537765503, 5.4475531578063965, 5.022519588470459, 5.559064865112305, 0.0, 2.310847759246826, 2.310847759246826, 2.310847759246826, 2.310847759246826, 2.310847759246826, 2.310847759246826, 2.310847759246826, 2.310847759246826, 2.310847759246826, 2.310847759246826, 2.310847759246826, 2.310847759246826, 2.310847759246826, 2.310847759246826, 2.310847759246826, 2.310847759246826, 2.310847759246826, 2.310847759246826, 2.310847759246826, 2.310847759246826, 2.310847759246826, 2.310847759246826, 2.310847759246826, 2.310847759246826], [2.9722726345062256, 2.253798484802246, 2.550508499145508, 3.083843469619751, 3.0970051288604736, 3.100048542022705, 2.310847759246826, 0.0, 0.0, 0.0, 0.0, 0.0, 0.0, 0.0, 0.0, 0.0, 0.0, 0.0, 0.0, 0.0, 0.0, 0.0, 0.0, 0.0, 0.0, 0.0, 0.0, 0.0, 0.0, 0.0, 0.0], [2.9722726345062256, 2.253798484802246, 2.550508499145508, 3.083843469619751, 3.0970051288604736, 3.100048542022705, 2.310847759246826, 0.0, 0.0, 0.0, 0.0, 0.0, 0.0, 0.0, 0.0, 0.0, 0.0, 0.0, 0.0, 0.0, 0.0, 0.0, 0.0, 0.0, 0.0, 0.0, 0.0, 0.0, 0.0, 0.0, 0.0], [2.9722726345062256, 2.253798484802246, 2.550508499145508, 3.083843469619751, 3.0970051288604736, 3.100048542022705, 2.310847759246826, 0.0, 0.0, 0.0, 0.0, 0.0, 0.0, 0.0, 0.0, 0.0, 0.0, 0.0, 0.0, 0.0, 0.0, 0.0, 0.0, 0.0, 0.0, 0.0, 0.0, 0.0, 0.0, 0.0, 0.0], [2.9722726345062256, 2.253798484802246, 2.550508499145508, 3.083843469619751, 3.0970051288604736, 3.100048542022705, 2.310847759246826, 0.0, 0.0, 0.0, 0.0, 0.0, 0.0, 0.0, 0.0, 0.0, 0.0, 0.0, 0.0, 0.0, 0.0, 0.0, 0.0, 0.0, 0.0, 0.0, 0.0, 0.0, 0.0, 0.0, 0.0], [2.9722726345062256, 2.253798484802246, 2.550508499145508, 3.083843469619751, 3.0970051288604736, 3.100048542022705, 2.310847759246826, 0.0, 0.0, 0.0, 0.0, 0.0, 0.0, 0.0, 0.0, 0.0, 0.0, 0.0, 0.0, 0.0, 0.0, 0.0, 0.0, 0.0, 0.0, 0.0, 0.0, 0.0, 0.0, 0.0, 0.0], [2.9722726345062256, 2.253798484802246, 2.550508499145508, 3.083843469619751, 3.0970051288604736, 3.100048542022705, 2.310847759246826, 0.0, 0.0, 0.0, 0.0, 0.0, 0.0, 0.0, 0.0, 0.0, 0.0, 0.0, 0.0, 0.0, 0.0, 0.0, 0.0, 0.0, 0.0, 0.0, 0.0, 0.0, 0.0, 0.0, 0.0], [2.9722726345062256, 2.253798484802246, 2.550508499145508, 3.083843469619751, 3.0970051288604736, 3.100048542022705, 2.310847759246826, 0.0, 0.0, 0.0, 0.0, 0.0, 0.0, 0.0, 0.0, 0.0, 0.0, 0.0, 0.0, 0.0, 0.0, 0.0, 0.0, 0.0, 0.0, 0.0, 0.0, 0.0, 0.0, 0.0, 0.0], [2.9722726345062256, 2.253798484802246, 2.550508499145508, 3.083843469619751, 3.0970051288604736, 3.100048542022705, 2.310847759246826, 0.0, 0.0, 0.0, 0.0, 0.0, 0.0, 0.0, 0.0, 0.0, 0.0, 0.0, 0.0, 0.0, 0.0, 0.0, 0.0, 0.0, 0.0, 0.0, 0.0, 0.0, 0.0, 0.0, 0.0], [2.9722726345062256, 2.253798484802246, 2.550508499145508, 3.083843469619751, 3.0970051288604736, 3.100048542022705, 2.310847759246826, 0.0, 0.0, 0.0, 0.0, 0.0, 0.0, 0.0, 0.0, 0.0, 0.0, 0.0, 0.0, 0.0, 0.0, 0.0, 0.0, 0.0, 0.0, 0.0, 0.0, 0.0, 0.0, 0.0, 0.0], [2.9722726345062256, 2.253798484802246, 2.550508499145508, 3.083843469619751, 3.0970051288604736, 3.100048542022705, 2.310847759246826, 0.0, 0.0, 0.0, 0.0, 0.0, 0.0, 0.0, 0.0, 0.0, 0.0, 0.0, 0.0, 0.0, 0.0, 0.0, 0.0, 0.0, 0.0, 0.0, 0.0, 0.0, 0.0, 0.0, 0.0], [2.9722726345062256, 2.253798484802246, 2.550508499145508, 3.083843469619751, 3.0970051288604736, 3.100048542022705, 2.310847759246826, 0.0, 0.0, 0.0, 0.0, 0.0, 0.0, 0.0, 0.0, 0.0, 0.0, 0.0, 0.0, 0.0, 0.0, 0.0, 0.0, 0.0, 0.0, 0.0, 0.0, 0.0, 0.0, 0.0, 0.0], [2.9722726345062256, 2.253798484802246, 2.550508499145508, 3.083843469619751, 3.0970051288604736, 3.100048542022705, 2.310847759246826, 0.0, 0.0, 0.0, 0.0, 0.0, 0.0, 0.0, 0.0, 0.0, 0.0, 0.0, 0.0, 0.0, 0.0, 0.0, 0.0, 0.0, 0.0, 0.0, 0.0, 0.0, 0.0, 0.0, 0.0], [2.9722726345062256, 2.253798484802246, 2.550508499145508, 3.083843469619751, 3.0970051288604736, 3.100048542022705, 2.310847759246826, 0.0, 0.0, 0.0, 0.0, 0.0, 0.0, 0.0, 0.0, 0.0, 0.0, 0.0, 0.0, 0.0, 0.0, 0.0, 0.0, 0.0, 0.0, 0.0, 0.0, 0.0, 0.0, 0.0, 0.0], [2.9722726345062256, 2.253798484802246, 2.550508499145508, 3.083843469619751, 3.0970051288604736, 3.100048542022705, 2.310847759246826, 0.0, 0.0, 0.0, 0.0, 0.0, 0.0, 0.0, 0.0, 0.0, 0.0, 0.0, 0.0, 0.0, 0.0, 0.0, 0.0, 0.0, 0.0, 0.0, 0.0, 0.0, 0.0, 0.0, 0.0], [2.9722726345062256, 2.253798484802246, 2.550508499145508, 3.083843469619751, 3.0970051288604736, 3.100048542022705, 2.310847759246826, 0.0, 0.0, 0.0, 0.0, 0.0, 0.0, 0.0, 0.0, 0.0, 0.0, 0.0, 0.0, 0.0, 0.0, 0.0, 0.0, 0.0, 0.0, 0.0, 0.0, 0.0, 0.0, 0.0, 0.0], [2.9722726345062256, 2.253798484802246, 2.550508499145508, 3.083843469619751, 3.0970051288604736, 3.100048542022705, 2.310847759246826, 0.0, 0.0, 0.0, 0.0, 0.0, 0.0, 0.0, 0.0, 0.0, 0.0, 0.0, 0.0, 0.0, 0.0, 0.0, 0.0, 0.0, 0.0, 0.0, 0.0, 0.0, 0.0, 0.0, 0.0], [2.9722726345062256, 2.253798484802246, 2.550508499145508, 3.083843469619751, 3.0970051288604736, 3.100048542022705, 2.310847759246826, 0.0, 0.0, 0.0, 0.0, 0.0, 0.0, 0.0, 0.0, 0.0, 0.0, 0.0, 0.0, 0.0, 0.0, 0.0, 0.0, 0.0, 0.0, 0.0, 0.0, 0.0, 0.0, 0.0, 0.0], [2.9722726345062256, 2.253798484802246, 2.550508499145508, 3.083843469619751, 3.0970051288604736, 3.100048542022705, 2.310847759246826, 0.0, 0.0, 0.0, 0.0, 0.0, 0.0, 0.0, 0.0, 0.0, 0.0, 0.0, 0.0, 0.0, 0.0, 0.0, 0.0, 0.0, 0.0, 0.0, 0.0, 0.0, 0.0, 0.0, 0.0], [2.9722726345062256, 2.253798484802246, 2.550508499145508, 3.083843469619751, 3.0970051288604736, 3.100048542022705, 2.310847759246826, 0.0, 0.0, 0.0, 0.0, 0.0, 0.0, 0.0, 0.0, 0.0, 0.0, 0.0, 0.0, 0.0, 0.0, 0.0, 0.0, 0.0, 0.0, 0.0, 0.0, 0.0, 0.0, 0.0, 0.0], [2.9722726345062256, 2.253798484802246, 2.550508499145508, 3.083843469619751, 3.0970051288604736, 3.100048542022705, 2.310847759246826, 0.0, 0.0, 0.0, 0.0, 0.0, 0.0, 0.0, 0.0, 0.0, 0.0, 0.0, 0.0, 0.0, 0.0, 0.0, 0.0, 0.0, 0.0, 0.0, 0.0, 0.0, 0.0, 0.0, 0.0], [2.9722726345062256, 2.253798484802246, 2.550508499145508, 3.083843469619751, 3.0970051288604736, 3.100048542022705, 2.310847759246826, 0.0, 0.0, 0.0, 0.0, 0.0, 0.0, 0.0, 0.0, 0.0, 0.0, 0.0, 0.0, 0.0, 0.0, 0.0, 0.0, 0.0, 0.0, 0.0, 0.0, 0.0, 0.0, 0.0, 0.0], [2.9722726345062256, 2.253798484802246, 2.550508499145508, 3.083843469619751, 3.0970051288604736, 3.100048542022705, 2.310847759246826, 0.0, 0.0, 0.0, 0.0, 0.0, 0.0, 0.0, 0.0, 0.0, 0.0, 0.0, 0.0, 0.0, 0.0, 0.0, 0.0, 0.0, 0.0, 0.0, 0.0, 0.0, 0.0, 0.0, 0.0], [2.9722726345062256, 2.253798484802246, 2.550508499145508, 3.083843469619751, 3.0970051288604736, 3.100048542022705, 2.310847759246826, 0.0, 0.0, 0.0, 0.0, 0.0, 0.0, 0.0, 0.0, 0.0, 0.0, 0.0, 0.0, 0.0, 0.0, 0.0, 0.0, 0.0, 0.0, 0.0, 0.0, 0.0, 0.0, 0.0, 0.0], [2.9722726345062256, 2.253798484802246, 2.550508499145508, 3.083843469619751, 3.0970051288604736, 3.100048542022705, 2.310847759246826, 0.0, 0.0, 0.0, 0.0, 0.0, 0.0, 0.0, 0.0, 0.0, 0.0, 0.0, 0.0, 0.0, 0.0, 0.0, 0.0, 0.0, 0.0, 0.0, 0.0, 0.0, 0.0, 0.0, 0.0]], [[0.0, 6.407522678375244, 5.96748161315918, 6.019716262817383, 7.421595096588135, 9.57312297821045, 8.08372688293457, 8.479174613952637, 8.626784324645996, 9.072247505187988, 8.939377784729004, 7.558095455169678, 6.9728288650512695, 8.813156127929688, 7.129765510559082, 7.529489040374756, 7.759072303771973, 7.799290180206299, 4.876530647277832, 4.6869049072265625, 4.6869049072265625, 4.6869049072265625, 4.6869049072265625, 4.6869049072265625, 4.6869049072265625, 4.6869049072265625, 4.6869049072265625, 4.6869049072265625, 4.6869049072265625, 4.6869049072265625, 4.6869049072265625], [6.407522678375244, 0.0, 4.377056121826172, 6.409636974334717, 5.9621968269348145, 7.44735050201416, 6.192652225494385, 7.940094470977783, 8.401174545288086, 7.644726276397705, 6.735530376434326, 6.644519329071045, 6.4867706298828125, 7.417360782623291, 6.6865129470825195, 6.799332141876221, 7.594865798950195, 6.6671857833862305, 5.163444995880127, 4.19789981842041, 4.19789981842041, 4.19789981842041, 4.19789981842041, 4.19789981842041, 4.19789981842041, 4.19789981842041, 4.19789981842041, 4.19789981842041, 4.19789981842041, 4.19789981842041, 4.19789981842041], [5.96748161315918, 4.377056121826172, 0.0, 3.8973731994628906, 3.986841917037964, 6.303481578826904, 6.522592544555664, 6.546077728271484, 6.381560325622559, 6.5967912673950195, 5.530579566955566, 4.77477502822876, 6.149273872375488, 8.136709213256836, 5.364565372467041, 5.55269193649292, 6.232006549835205, 6.396496295928955, 4.318714141845703, 2.9192566871643066, 2.9192566871643066, 2.9192566871643066, 2.9192566871643066, 2.9192566871643066, 2.9192566871643066, 2.9192566871643066, 2.9192566871643066, 2.9192566871643066, 2.9192566871643066, 2.9192566871643066, 2.9192566871643066], [6.019716262817383, 6.409636974334717, 3.8973731994628906, 0.0, 4.839254856109619, 5.903188228607178, 6.4779791831970215, 6.772984504699707, 7.854589939117432, 8.046175956726074, 6.353206634521484, 6.4340996742248535, 5.709033966064453, 7.464326858520508, 5.177720069885254, 5.634174346923828, 5.8285231590271, 5.769981861114502, 4.810013294219971, 3.401580333709717, 3.401580333709717, 3.401580333709717, 3.401580333709717, 3.401580333709717, 3.401580333709717, 3.401580333709717, 3.401580333709717, 3.401580333709717, 3.401580333709717, 3.401580333709717, 3.401580333709717], [7.421595096588135, 5.9621968269348145, 3.986841917037964, 4.839254856109619, 0.0, 5.590607166290283, 6.374806880950928, 6.238166332244873, 5.696197509765625, 6.457265853881836, 6.304047107696533, 5.381595134735107, 5.94610595703125, 8.059237480163574, 4.27302885055542, 4.106176376342773, 4.590568542480469, 6.074221611022949, 4.7716145515441895, 2.6572439670562744, 2.6572439670562744, 2.6572439670562744, 2.6572439670562744, 2.6572439670562744, 2.6572439670562744, 2.6572439670562744, 2.6572439670562744, 2.6572439670562744, 2.6572439670562744, 2.6572439670562744, 2.6572439670562744], [9.57312297821045, 7.44735050201416, 6.303481578826904, 5.903188228607178, 5.590607166290283, 0.0, 5.030132293701172, 6.179322719573975, 6.916662216186523, 8.3804349899292, 7.2059645652771, 5.549001216888428, 5.843443393707275, 8.214176177978516, 6.487120628356934, 5.953214168548584, 5.174659729003906, 4.791113376617432, 4.957780838012695, 3.3874220848083496, 3.3874220848083496, 3.3874220848083496, 3.3874220848083496, 3.3874220848083496, 3.3874220848083496, 3.3874220848083496, 3.3874220848083496, 3.3874220848083496, 3.3874220848083496, 3.3874220848083496, 3.3874220848083496], [8.08372688293457, 6.192652225494385, 6.522592544555664, 6.4779791831970215, 6.374806880950928, 5.030132293701172, 0.0, 5.298138618469238, 5.497095584869385, 6.9252824783325195, 8.572530746459961, 7.028186321258545, 5.082126617431641, 7.402625560760498, 7.487101078033447, 6.4856085777282715, 6.052547454833984, 4.947708606719971, 4.614453315734863, 3.5609169006347656, 3.5609169006347656, 3.5609169006347656, 3.5609169006347656, 3.5609169006347656, 3.5609169006347656, 3.5609169006347656, 3.5609169006347656, 3.5609169006347656, 3.5609169006347656, 3.5609169006347656, 3.5609169006347656], [8.479174613952637, 7.940094470977783, 6.546077728271484, 6.772984504699707, 6.238166332244873, 6.179322719573975, 5.298138618469238, 0.0, 6.099555492401123, 7.043104648590088, 6.796775817871094, 5.454200744628906, 6.419615745544434, 7.833541393280029, 6.23389196395874, 6.183732509613037, 5.760601043701172, 6.536169052124023, 5.490808963775635, 3.707172155380249, 3.707172155380249, 3.707172155380249, 3.707172155380249, 3.707172155380249, 3.707172155380249, 3.707172155380249, 3.707172155380249, 3.707172155380249, 3.707172155380249, 3.707172155380249, 3.707172155380249], [8.626784324645996, 8.401174545288086, 6.381560325622559, 7.854589939117432, 5.696197509765625, 6.916662216186523, 5.497095584869385, 6.099555492401123, 0.0, 5.8461503982543945, 7.758172035217285, 5.764772415161133, 6.361692905426025, 8.585772514343262, 6.993991851806641, 5.944623947143555, 6.865843772888184, 7.832103729248047, 6.992358684539795, 4.420387268066406, 4.420387268066406, 4.420387268066406, 4.420387268066406, 4.420387268066406, 4.420387268066406, 4.420387268066406, 4.420387268066406, 4.420387268066406, 4.420387268066406, 4.420387268066406, 4.420387268066406], [9.072247505187988, 7.644726276397705, 6.5967912673950195, 8.046175956726074, 6.457265853881836, 8.3804349899292, 6.9252824783325195, 7.043104648590088, 5.8461503982543945, 0.0, 7.042149543762207, 7.260763168334961, 9.169468879699707, 9.437888145446777, 7.936208248138428, 6.919814109802246, 7.588072776794434, 9.348262786865234, 6.89513635635376, 5.0577778816223145, 5.0577778816223145, 5.0577778816223145, 5.0577778816223145, 5.0577778816223145, 5.0577778816223145, 5.0577778816223145, 5.0577778816223145, 5.0577778816223145, 5.0577778816223145, 5.0577778816223145, 5.0577778816223145], [8.939377784729004, 6.735530376434326, 5.530579566955566, 6.353206634521484, 6.304047107696533, 7.2059645652771, 8.572530746459961, 6.796775817871094, 7.758172035217285, 7.042149543762207, 0.0, 5.169317722320557, 5.92008113861084, 7.030428409576416, 4.593966484069824, 5.406404495239258, 6.295773029327393, 7.092525482177734, 6.344703674316406, 4.080405235290527, 4.080405235290527, 4.080405235290527, 4.080405235290527, 4.080405235290527, 4.080405235290527, 4.080405235290527, 4.080405235290527, 4.080405235290527, 4.080405235290527, 4.080405235290527, 4.080405235290527], [7.558095455169678, 6.644519329071045, 4.77477502822876, 6.4340996742248535, 5.381595134735107, 5.549001216888428, 7.028186321258545, 5.454200744628906, 5.764772415161133, 7.260763168334961, 5.169317722320557, 0.0, 4.64145565032959, 6.377742290496826, 4.776766300201416, 4.720255374908447, 5.316221237182617, 6.499659538269043, 6.20316219329834, 3.2496743202209473, 3.2496743202209473, 3.2496743202209473, 3.2496743202209473, 3.2496743202209473, 3.2496743202209473, 3.2496743202209473, 3.2496743202209473, 3.2496743202209473, 3.2496743202209473, 3.2496743202209473, 3.2496743202209473], [6.9728288650512695, 6.4867706298828125, 6.149273872375488, 5.709033966064453, 5.94610595703125, 5.843443393707275, 5.082126617431641, 6.419615745544434, 6.361692905426025, 9.169468879699707, 5.92008113861084, 4.64145565032959, 0.0, 5.482851028442383, 5.259468078613281, 5.245776653289795, 5.4058427810668945, 5.332517147064209, 5.355212211608887, 3.038947820663452, 3.038947820663452, 3.038947820663452, 3.038947820663452, 3.038947820663452, 3.038947820663452, 3.038947820663452, 3.038947820663452, 3.038947820663452, 3.038947820663452, 3.038947820663452, 3.038947820663452], [8.813156127929688, 7.417360782623291, 8.136709213256836, 7.464326858520508, 8.059237480163574, 8.214176177978516, 7.402625560760498, 7.833541393280029, 8.585772514343262, 9.437888145446777, 7.030428409576416, 6.377742290496826, 5.482851028442383, 0.0, 5.246718406677246, 6.185791969299316, 6.849585056304932, 7.630748748779297, 7.777599334716797, 5.2741475105285645, 5.2741475105285645, 5.2741475105285645, 5.2741475105285645, 5.2741475105285645, 5.2741475105285645, 5.2741475105285645, 5.2741475105285645, 5.2741475105285645, 5.2741475105285645, 5.2741475105285645, 5.2741475105285645], [7.129765510559082, 6.6865129470825195, 5.364565372467041, 5.177720069885254, 4.27302885055542, 6.487120628356934, 7.487101078033447, 6.23389196395874, 6.993991851806641, 7.936208248138428, 4.593966484069824, 4.776766300201416, 5.259468078613281, 5.246718406677246, 0.0, 2.8017609119415283, 3.7900938987731934, 6.01871919631958, 5.561057090759277, 2.7663819789886475, 2.7663819789886475, 2.7663819789886475, 2.7663819789886475, 2.7663819789886475, 2.7663819789886475, 2.7663819789886475, 2.7663819789886475, 2.7663819789886475, 2.7663819789886475, 2.7663819789886475, 2.7663819789886475], [7.529489040374756, 6.799332141876221, 5.55269193649292, 5.634174346923828, 4.106176376342773, 5.953214168548584, 6.4856085777282715, 6.183732509613037, 5.944623947143555, 6.919814109802246, 5.406404495239258, 4.720255374908447, 5.245776653289795, 6.185791969299316, 2.8017609119415283, 0.0, 3.5533676147460938, 5.694523811340332, 5.483353137969971, 2.5071988105773926, 2.5071988105773926, 2.5071988105773926, 2.5071988105773926, 2.5071988105773926, 2.5071988105773926, 2.5071988105773926, 2.5071988105773926, 2.5071988105773926, 2.5071988105773926, 2.5071988105773926, 2.5071988105773926], [7.759072303771973, 7.594865798950195, 6.232006549835205, 5.8285231590271, 4.590568542480469, 5.174659729003906, 6.052547454833984, 5.760601043701172, 6.865843772888184, 7.588072776794434, 6.295773029327393, 5.316221237182617, 5.4058427810668945, 6.849585056304932, 3.7900938987731934, 3.5533676147460938, 0.0, 5.412054061889648, 4.618809700012207, 3.324730157852173, 3.324730157852173, 3.324730157852173, 3.324730157852173, 3.324730157852173, 3.324730157852173, 3.324730157852173, 3.324730157852173, 3.324730157852173, 3.324730157852173, 3.324730157852173, 3.324730157852173], [7.799290180206299, 6.6671857833862305, 6.396496295928955, 5.769981861114502, 6.074221611022949, 4.791113376617432, 4.947708606719971, 6.536169052124023, 7.832103729248047, 9.348262786865234, 7.092525482177734, 6.499659538269043, 5.332517147064209, 7.630748748779297, 6.01871919631958, 5.694523811340332, 5.412054061889648, 0.0, 4.198619365692139, 3.358208417892456, 3.358208417892456, 3.358208417892456, 3.358208417892456, 3.358208417892456, 3.358208417892456, 3.358208417892456, 3.358208417892456, 3.358208417892456, 3.358208417892456, 3.358208417892456, 3.358208417892456], [4.876530647277832, 5.163444995880127, 4.318714141845703, 4.810013294219971, 4.7716145515441895, 4.957780838012695, 4.614453315734863, 5.490808963775635, 6.992358684539795, 6.89513635635376, 6.344703674316406, 6.20316219329834, 5.355212211608887, 7.777599334716797, 5.561057090759277, 5.483353137969971, 4.618809700012207, 4.198619365692139, 0.0, 2.2173633575439453, 2.2173633575439453, 2.2173633575439453, 2.2173633575439453, 2.2173633575439453, 2.2173633575439453, 2.2173633575439453, 2.2173633575439453, 2.2173633575439453, 2.2173633575439453, 2.2173633575439453, 2.2173633575439453], [4.6869049072265625, 4.19789981842041, 2.9192566871643066, 3.401580333709717, 2.6572439670562744, 3.3874220848083496, 3.5609169006347656, 3.707172155380249, 4.420387268066406, 5.0577778816223145, 4.080405235290527, 3.2496743202209473, 3.038947820663452, 5.2741475105285645, 2.7663819789886475, 2.5071988105773926, 3.324730157852173, 3.358208417892456, 2.2173633575439453, 0.0, 0.0, 0.0, 0.0, 0.0, 0.0, 0.0, 0.0, 0.0, 0.0, 0.0, 0.0], [4.6869049072265625, 4.19789981842041, 2.9192566871643066, 3.401580333709717, 2.6572439670562744, 3.3874220848083496, 3.5609169006347656, 3.707172155380249, 4.420387268066406, 5.0577778816223145, 4.080405235290527, 3.2496743202209473, 3.038947820663452, 5.2741475105285645, 2.7663819789886475, 2.5071988105773926, 3.324730157852173, 3.358208417892456, 2.2173633575439453, 0.0, 0.0, 0.0, 0.0, 0.0, 0.0, 0.0, 0.0, 0.0, 0.0, 0.0, 0.0], [4.6869049072265625, 4.19789981842041, 2.9192566871643066, 3.401580333709717, 2.6572439670562744, 3.3874220848083496, 3.5609169006347656, 3.707172155380249, 4.420387268066406, 5.0577778816223145, 4.080405235290527, 3.2496743202209473, 3.038947820663452, 5.2741475105285645, 2.7663819789886475, 2.5071988105773926, 3.324730157852173, 3.358208417892456, 2.2173633575439453, 0.0, 0.0, 0.0, 0.0, 0.0, 0.0, 0.0, 0.0, 0.0, 0.0, 0.0, 0.0], [4.6869049072265625, 4.19789981842041, 2.9192566871643066, 3.401580333709717, 2.6572439670562744, 3.3874220848083496, 3.5609169006347656, 3.707172155380249, 4.420387268066406, 5.0577778816223145, 4.080405235290527, 3.2496743202209473, 3.038947820663452, 5.2741475105285645, 2.7663819789886475, 2.5071988105773926, 3.324730157852173, 3.358208417892456, 2.2173633575439453, 0.0, 0.0, 0.0, 0.0, 0.0, 0.0, 0.0, 0.0, 0.0, 0.0, 0.0, 0.0], [4.6869049072265625, 4.19789981842041, 2.9192566871643066, 3.401580333709717, 2.6572439670562744, 3.3874220848083496, 3.5609169006347656, 3.707172155380249, 4.420387268066406, 5.0577778816223145, 4.080405235290527, 3.2496743202209473, 3.038947820663452, 5.2741475105285645, 2.7663819789886475, 2.5071988105773926, 3.324730157852173, 3.358208417892456, 2.2173633575439453, 0.0, 0.0, 0.0, 0.0, 0.0, 0.0, 0.0, 0.0, 0.0, 0.0, 0.0, 0.0], [4.6869049072265625, 4.19789981842041, 2.9192566871643066, 3.401580333709717, 2.6572439670562744, 3.3874220848083496, 3.5609169006347656, 3.707172155380249, 4.420387268066406, 5.0577778816223145, 4.080405235290527, 3.2496743202209473, 3.038947820663452, 5.2741475105285645, 2.7663819789886475, 2.5071988105773926, 3.324730157852173, 3.358208417892456, 2.2173633575439453, 0.0, 0.0, 0.0, 0.0, 0.0, 0.0, 0.0, 0.0, 0.0, 0.0, 0.0, 0.0], [4.6869049072265625, 4.19789981842041, 2.9192566871643066, 3.401580333709717, 2.6572439670562744, 3.3874220848083496, 3.5609169006347656, 3.707172155380249, 4.420387268066406, 5.0577778816223145, 4.080405235290527, 3.2496743202209473, 3.038947820663452, 5.2741475105285645, 2.7663819789886475, 2.5071988105773926, 3.324730157852173, 3.358208417892456, 2.2173633575439453, 0.0, 0.0, 0.0, 0.0, 0.0, 0.0, 0.0, 0.0, 0.0, 0.0, 0.0, 0.0], [4.6869049072265625, 4.19789981842041, 2.9192566871643066, 3.401580333709717, 2.6572439670562744, 3.3874220848083496, 3.5609169006347656, 3.707172155380249, 4.420387268066406, 5.0577778816223145, 4.080405235290527, 3.2496743202209473, 3.038947820663452, 5.2741475105285645, 2.7663819789886475, 2.5071988105773926, 3.324730157852173, 3.358208417892456, 2.2173633575439453, 0.0, 0.0, 0.0, 0.0, 0.0, 0.0, 0.0, 0.0, 0.0, 0.0, 0.0, 0.0], [4.6869049072265625, 4.19789981842041, 2.9192566871643066, 3.401580333709717, 2.6572439670562744, 3.3874220848083496, 3.5609169006347656, 3.707172155380249, 4.420387268066406, 5.0577778816223145, 4.080405235290527, 3.2496743202209473, 3.038947820663452, 5.2741475105285645, 2.7663819789886475, 2.5071988105773926, 3.324730157852173, 3.358208417892456, 2.2173633575439453, 0.0, 0.0, 0.0, 0.0, 0.0, 0.0, 0.0, 0.0, 0.0, 0.0, 0.0, 0.0], [4.6869049072265625, 4.19789981842041, 2.9192566871643066, 3.401580333709717, 2.6572439670562744, 3.3874220848083496, 3.5609169006347656, 3.707172155380249, 4.420387268066406, 5.0577778816223145, 4.080405235290527, 3.2496743202209473, 3.038947820663452, 5.2741475105285645, 2.7663819789886475, 2.5071988105773926, 3.324730157852173, 3.358208417892456, 2.2173633575439453, 0.0, 0.0, 0.0, 0.0, 0.0, 0.0, 0.0, 0.0, 0.0, 0.0, 0.0, 0.0], [4.6869049072265625, 4.19789981842041, 2.9192566871643066, 3.401580333709717, 2.6572439670562744, 3.3874220848083496, 3.5609169006347656, 3.707172155380249, 4.420387268066406, 5.0577778816223145, 4.080405235290527, 3.2496743202209473, 3.038947820663452, 5.2741475105285645, 2.7663819789886475, 2.5071988105773926, 3.324730157852173, 3.358208417892456, 2.2173633575439453, 0.0, 0.0, 0.0, 0.0, 0.0, 0.0, 0.0, 0.0, 0.0, 0.0, 0.0, 0.0], [4.6869049072265625, 4.19789981842041, 2.9192566871643066, 3.401580333709717, 2.6572439670562744, 3.3874220848083496, 3.5609169006347656, 3.707172155380249, 4.420387268066406, 5.0577778816223145, 4.080405235290527, 3.2496743202209473, 3.038947820663452, 5.2741475105285645, 2.7663819789886475, 2.5071988105773926, 3.324730157852173, 3.358208417892456, 2.2173633575439453, 0.0, 0.0, 0.0, 0.0, 0.0, 0.0, 0.0, 0.0, 0.0, 0.0, 0.0, 0.0]], [[0.0, 6.830934524536133, 5.2576117515563965, 7.484697341918945, 6.698084831237793, 6.26035737991333, 5.35531759262085, 6.847473621368408, 5.287615776062012, 5.848863124847412, 5.128907680511475, 6.242673397064209, 5.801806926727295, 6.508193492889404, 6.960665702819824, 5.370660781860352, 5.613359451293945, 5.501855373382568, 7.246403217315674, 6.418094635009766, 6.069755554199219, 7.161760330200195, 6.697056293487549, 5.704358100891113, 9.341657638549805, 7.494553565979004, 6.527513027191162, 6.836999416351318, 4.329200744628906, 3.448944091796875, 3.448944091796875], [6.830934524536133, 0.0, 7.1165032386779785, 10.053589820861816, 8.950217247009277, 8.377948760986328, 7.565496921539307, 7.659900665283203, 7.55828332901001, 7.155879974365234, 9.237905502319336, 8.695694923400879, 9.24095630645752, 8.378786087036133, 9.197949409484863, 6.595109462738037, 7.2703447341918945, 7.518022537231445, 9.726461410522461, 7.00908899307251, 8.60387134552002, 8.514455795288086, 6.8940534591674805, 7.0620880126953125, 9.62083911895752, 10.327954292297363, 7.259529113769531, 8.825817108154297, 6.118716716766357, 5.418771266937256, 5.418771266937256], [5.2576117515563965, 7.1165032386779785, 0.0, 6.984945297241211, 5.8430867195129395, 5.764709949493408, 5.506018161773682, 6.566096305847168, 6.764557361602783, 6.367837905883789, 5.817452430725098, 4.968916416168213, 7.5871052742004395, 6.516106605529785, 6.69895076751709, 4.610417366027832, 6.98792028427124, 6.578752040863037, 7.119829177856445, 6.043717861175537, 7.196654796600342, 7.552084445953369, 7.145750522613525, 5.948347568511963, 8.717336654663086, 6.650731086730957, 5.293406963348389, 6.17620849609375, 5.521388053894043, 3.708130359649658, 3.708130359649658], [7.484697341918945, 10.053589820861816, 6.984945297241211, 0.0, 6.974700927734375, 7.263278484344482, 6.163363456726074, 6.47689962387085, 8.42540168762207, 7.945647716522217, 8.642913818359375, 8.563064575195312, 8.460203170776367, 8.72488784790039, 8.620107650756836, 6.5031657218933105, 6.5054121017456055, 7.6724162101745605, 8.463054656982422, 7.278648853302002, 7.131547451019287, 7.4574103355407715, 7.99554443359375, 7.593157768249512, 10.880987167358398, 9.594765663146973, 7.751784324645996, 8.198615074157715, 8.198270797729492, 5.725176811218262, 5.725176811218262], [6.698084831237793, 8.950217247009277, 5.8430867195129395, 6.974700927734375, 0.0, 4.971036434173584, 5.167547702789307, 5.646839618682861, 6.35061502456665, 5.966867446899414, 6.176363945007324, 5.400446891784668, 7.802252292633057, 6.1034255027771, 7.069153308868408, 5.594751358032227, 8.429357528686523, 7.8419013023376465, 8.051787376403809, 5.665436267852783, 5.9346604347229, 6.346987724304199, 8.245920181274414, 6.454523086547852, 9.135468482971191, 6.481415748596191, 5.776298999786377, 6.495766639709473, 5.429022789001465, 4.418876647949219, 4.418876647949219], [6.26035737991333, 8.377948760986328, 5.764709949493408, 7.263278484344482, 4.971036434173584, 0.0, 3.8014883995056152, 4.514364719390869, 5.101369857788086, 4.600990295410156, 5.631232261657715, 5.312860012054443, 6.506612777709961, 6.524024963378906, 6.958076477050781, 4.6901750564575195, 7.120314598083496, 5.9786601066589355, 7.122007369995117, 5.328719139099121, 5.92534065246582, 5.7558698654174805, 6.877294540405273, 5.42385196685791, 7.8791680335998535, 5.035233974456787, 4.746039390563965, 4.550766944885254, 4.693111419677734, 3.1965043544769287, 3.1965043544769287], [5.35531759262085, 7.565496921539307, 5.506018161773682, 6.163363456726074, 5.167547702789307, 3.8014883995056152, 0.0, 3.445535659790039, 5.21560001373291, 4.325675010681152, 4.945128440856934, 4.4042253494262695, 5.778459548950195, 5.256448745727539, 4.461286544799805, 3.2470192909240723, 5.735717296600342, 5.572357654571533, 5.316737174987793, 3.417335271835327, 4.004175662994385, 5.499162673950195, 5.49069881439209, 3.82973051071167, 6.18410587310791, 4.766246795654297, 4.645454406738281, 5.088566780090332, 4.447927474975586, 2.5370383262634277, 2.5370383262634277], [6.847473621368408, 7.659900665283203, 6.566096305847168, 6.47689962387085, 5.646839618682861, 4.514364719390869, 3.445535659790039, 0.0, 4.759035110473633, 5.158837795257568, 6.469580173492432, 4.6814727783203125, 5.6042256355285645, 5.39041805267334, 5.065726280212402, 4.078732967376709, 6.024232864379883, 5.22344970703125, 5.549350261688232, 4.734220027923584, 4.8934502601623535, 5.549771308898926, 7.1166205406188965, 5.6748552322387695, 7.804465293884277, 6.181090831756592, 5.353453636169434, 5.097474575042725, 4.452565670013428, 2.929211139678955, 2.929211139678955], [5.287615776062012, 7.55828332901001, 6.764557361602783, 8.42540168762207, 6.35061502456665, 5.101369857788086, 5.21560001373291, 4.759035110473633, 0.0, 3.905951976776123, 5.183579444885254, 5.098724365234375, 5.233826160430908, 6.7679972648620605, 6.507586479187012, 5.000784397125244, 5.677319526672363, 5.768469333648682, 6.579220294952393, 5.052576065063477, 5.4827141761779785, 5.377397060394287, 6.017475605010986, 5.524184703826904, 8.335186004638672, 6.583170413970947, 6.894855499267578, 6.0659260749816895, 4.500975131988525, 3.132445812225342, 3.132445812225342], [5.848863124847412, 7.155879974365234, 6.367837905883789, 7.945647716522217, 5.966867446899414, 4.600990295410156, 4.325675010681152, 5.158837795257568, 3.905951976776123, 0.0, 4.796905040740967, 4.751605987548828, 4.9842848777771, 4.495458602905273, 4.785374164581299, 3.8006272315979004, 6.241479396820068, 6.584380626678467, 5.327329158782959, 4.583771705627441, 6.075984954833984, 6.358613014221191, 6.494314193725586, 4.479922771453857, 7.415278434753418, 5.940380096435547, 6.1102495193481445, 5.341178894042969, 5.156617641448975, 2.741624593734741, 2.741624593734741], [5.128907680511475, 9.237905502319336, 5.817452430725098, 8.642913818359375, 6.176363945007324, 5.631232261657715, 4.945128440856934, 6.469580173492432, 5.183579444885254, 4.796905040740967, 0.0, 5.201258182525635, 5.148019313812256, 6.442644119262695, 6.983879089355469, 4.252562522888184, 5.594875812530518, 6.956740856170654, 6.662439346313477, 5.760782718658447, 6.675198554992676, 6.625133991241455, 6.778376579284668, 5.7450103759765625, 9.801467895507812, 6.679762363433838, 6.654268264770508, 6.727967739105225, 5.159783840179443, 3.2697372436523438, 3.2697372436523438], [6.242673397064209, 8.695694923400879, 4.968916416168213, 8.563064575195312, 5.400446891784668, 5.312860012054443, 4.4042253494262695, 4.6814727783203125, 5.098724365234375, 4.751605987548828, 5.201258182525635, 0.0, 5.989708423614502, 6.871607303619385, 5.850554943084717, 4.726424694061279, 7.111412525177002, 5.819496154785156, 5.839097499847412, 4.854806423187256, 4.875051975250244, 6.621132850646973, 6.5208964347839355, 5.124891757965088, 8.02711296081543, 6.3277692794799805, 4.892459392547607, 5.512373924255371, 4.198638916015625, 2.591005802154541, 2.591005802154541], [5.801806926727295, 9.24095630645752, 7.5871052742004395, 8.460203170776367, 7.802252292633057, 6.506612777709961, 5.778459548950195, 5.6042256355285645, 5.233826160430908, 4.9842848777771, 5.148019313812256, 5.989708423614502, 0.0, 5.715096950531006, 7.143911361694336, 4.896553039550781, 7.192105770111084, 6.284613609313965, 7.057394981384277, 5.940005302429199, 6.395386219024658, 6.822206497192383, 7.3144917488098145, 5.8423309326171875, 8.865904808044434, 8.15573501586914, 7.749882698059082, 7.075289726257324, 6.490964889526367, 3.7029011249542236, 3.7029011249542236], [6.508193492889404, 8.378786087036133, 6.516106605529785, 8.72488784790039, 6.1034255027771, 6.524024963378906, 5.256448745727539, 5.39041805267334, 6.7679972648620605, 4.495458602905273, 6.442644119262695, 6.871607303619385, 5.715096950531006, 0.0, 4.849186420440674, 4.599946975708008, 6.740944862365723, 6.699766159057617, 6.4196062088012695, 6.260678291320801, 6.791564464569092, 5.895791530609131, 8.147212028503418, 5.939653396606445, 8.53357219696045, 7.640371322631836, 6.66325569152832, 6.933553695678711, 6.012561798095703, 3.8298861980438232, 3.8298861980438232], [6.960665702819824, 9.197949409484863, 6.69895076751709, 8.620107650756836, 7.069153308868408, 6.958076477050781, 4.461286544799805, 5.065726280212402, 6.507586479187012, 4.785374164581299, 6.983879089355469, 5.850554943084717, 7.143911361694336, 4.849186420440674, 0.0, 3.6950387954711914, 5.328216552734375, 6.794217109680176, 4.807178020477295, 5.1982903480529785, 7.023929119110107, 5.84423303604126, 7.058625221252441, 5.720826148986816, 7.151819705963135, 6.456520080566406, 7.266175746917725, 6.834022521972656, 6.204159736633301, 3.4174067974090576, 3.4174067974090576], [5.370660781860352, 6.595109462738037, 4.610417366027832, 6.5031657218933105, 5.594751358032227, 4.6901750564575195, 3.2470192909240723, 4.078732967376709, 5.000784397125244, 3.8006272315979004, 4.252562522888184, 4.726424694061279, 4.896553039550781, 4.599946975708008, 3.6950387954711914, 0.0, 4.028435230255127, 4.819316387176514, 4.402616024017334, 2.838470220565796, 4.787217617034912, 5.06747579574585, 5.281802654266357, 4.544271945953369, 6.93424654006958, 5.059016704559326, 4.548327922821045, 5.342531681060791, 4.323067665100098, 1.9398118257522583, 1.9398118257522583], [5.613359451293945, 7.2703447341918945, 6.98792028427124, 6.5054121017456055, 8.429357528686523, 7.120314598083496, 5.735717296600342, 6.024232864379883, 5.677319526672363, 6.241479396820068, 5.594875812530518, 7.111412525177002, 7.192105770111084, 6.740944862365723, 5.328216552734375, 4.028435230255127, 0.0, 4.211009979248047, 5.388304710388184, 5.889921188354492, 6.200506687164307, 5.107311248779297, 5.97636604309082, 5.599761009216309, 9.047431945800781, 7.353700637817383, 6.374855995178223, 6.505237579345703, 5.333509922027588, 3.5025405883789062, 3.5025405883789062], [5.501855373382568, 7.518022537231445, 6.578752040863037, 7.6724162101745605, 7.8419013023376465, 5.9786601066589355, 5.572357654571533, 5.22344970703125, 5.768469333648682, 6.584380626678467, 6.956740856170654, 5.819496154785156, 6.284613609313965, 6.699766159057617, 6.794217109680176, 4.819316387176514, 4.211009979248047, 0.0, 4.179691791534424, 5.155106544494629, 4.974332809448242, 4.883365154266357, 6.3146538734436035, 6.425717353820801, 8.564316749572754, 7.319612503051758, 6.328084945678711, 6.572017669677734, 5.003131866455078, 2.926492214202881, 2.926492214202881], [7.246403217315674, 9.726461410522461, 7.119829177856445, 8.463054656982422, 8.051787376403809, 7.122007369995117, 5.316737174987793, 5.549350261688232, 6.579220294952393, 5.327329158782959, 6.662439346313477, 5.839097499847412, 7.057394981384277, 6.4196062088012695, 4.807178020477295, 4.402616024017334, 5.388304710388184, 4.179691791534424, 0.0, 3.073604106903076, 4.857492923736572, 3.9844727516174316, 5.992452621459961, 5.553083419799805, 7.166036605834961, 6.37152099609375, 6.921202182769775, 5.913599491119385, 5.191109657287598, 3.328869342803955, 3.328869342803955], [6.418094635009766, 7.00908899307251, 6.043717861175537, 7.278648853302002, 5.665436267852783, 5.328719139099121, 3.417335271835327, 4.734220027923584, 5.052576065063477, 4.583771705627441, 5.760782718658447, 4.854806423187256, 5.940005302429199, 6.260678291320801, 5.1982903480529785, 2.838470220565796, 5.889921188354492, 5.155106544494629, 3.073604106903076, 0.0, 3.546708106994629, 4.1939778327941895, 4.6031270027160645, 4.3185319900512695, 5.498869895935059, 5.5947113037109375, 5.2133660316467285, 5.1825337409973145, 4.5469160079956055, 2.610116958618164, 2.610116958618164], [6.069755554199219, 8.60387134552002, 7.196654796600342, 7.131547451019287, 5.9346604347229, 5.92534065246582, 4.004175662994385, 4.8934502601623535, 5.4827141761779785, 6.075984954833984, 6.675198554992676, 4.875051975250244, 6.395386219024658, 6.791564464569092, 7.023929119110107, 4.787217617034912, 6.200506687164307, 4.974332809448242, 4.857492923736572, 3.546708106994629, 0.0, 4.310764789581299, 5.7586989402771, 4.676962852478027, 7.0380659103393555, 5.771842002868652, 4.783230304718018, 5.006597995758057, 4.632299900054932, 3.4217679500579834, 3.4217679500579834], [7.161760330200195, 8.514455795288086, 7.552084445953369, 7.4574103355407715, 6.346987724304199, 5.7558698654174805, 5.499162673950195, 5.549771308898926, 5.377397060394287, 6.358613014221191, 6.625133991241455, 6.621132850646973, 6.822206497192383, 5.895791530609131, 5.84423303604126, 5.06747579574585, 5.107311248779297, 4.883365154266357, 3.9844727516174316, 4.1939778327941895, 4.310764789581299, 0.0, 5.620874404907227, 4.9328765869140625, 7.373504161834717, 7.351853847503662, 6.790464878082275, 6.186466217041016, 5.2857842445373535, 3.7666022777557373, 3.7666022777557373], [6.697056293487549, 6.8940534591674805, 7.145750522613525, 7.99554443359375, 8.245920181274414, 6.877294540405273, 5.49069881439209, 7.1166205406188965, 6.017475605010986, 6.494314193725586, 6.778376579284668, 6.5208964347839355, 7.3144917488098145, 8.147212028503418, 7.058625221252441, 5.281802654266357, 5.97636604309082, 6.3146538734436035, 5.992452621459961, 4.6031270027160645, 5.7586989402771, 5.620874404907227, 0.0, 4.436534881591797, 8.119009971618652, 7.497809410095215, 6.845986366271973, 6.365419387817383, 5.73179292678833, 4.045599937438965, 4.045599937438965], [5.704358100891113, 7.0620880126953125, 5.948347568511963, 7.593157768249512, 6.454523086547852, 5.42385196685791, 3.82973051071167, 5.6748552322387695,